0.266,0.330,0.323,0.384,nan,0.438,0.350,0.297,0.250,0.393,
0.188,0.300,0.320,0.344,nan,0.289,0.373,0.331,0.312,0.500,
nan,0.406,nan,nan,nan,0.295,0.338,0.345,0.320,0.370,
0.312,0.244,nan,0.250,0.366,0.219,0.329,0.288,0.292,0.375,
0.281,0.289,0.229,0.312,0.360,0.368,0.368,0.369,nan,0.312,
nan,0.062,0.344,0.296,0.377,0.312,0.312,0.297,0.250,nan,
0.188,0.328,0.385,0.308,0.369,0.325,0.344,0.309,0.312,nan,
0.344,0.340,0.302,0.406,0.295,0.276,0.344,0.156,nan,0.438,
0.438,0.354,0.438,0.250,0.271,0.312,0.358,0.303,0.388,0.325,
0.271,0.356,0.297,0.562,0.326,0.392,0.359,0.306,0.325,0.356,
