0.250,0.344,0.400,0.398,nan,0.352,0.315,0.330,nan,0.438,
0.263,nan,nan,nan,0.277,0.388,0.391,0.396,0.319,0.350,
nan,0.438,nan,0.062,0.250,0.336,0.335,0.348,0.312,0.312,
0.312,0.336,0.125,0.369,0.346,0.334,0.271,0.344,0.337,0.309,
nan,0.359,0.324,0.330,0.364,0.339,0.375,0.400,nan,0.350,
nan,0.438,0.391,0.344,0.312,0.326,0.250,0.375,nan,0.250,
0.188,0.344,0.312,0.383,0.521,0.350,0.354,nan,nan,nan,
0.339,0.340,0.308,0.324,0.295,0.358,0.402,0.330,0.438,0.188,
0.438,0.237,0.354,0.312,0.384,0.312,0.309,0.250,0.344,nan,
0.281,0.327,0.334,0.344,0.344,0.291,0.328,0.352,0.319,0.312,
