33.000,115.200,nan,65.000,55.421,36.857,46.556,87.000,79.455,94.920,
82.846,59.156,27.000,54.000,58.800,95.000,70.714,56.455,52.615,25.500,
74.294,94.364,nan,nan,nan,0.000,54.000,72.865,50.550,74.302,
87.115,57.000,nan,nan,nan,0.000,39.000,71.000,58.800,67.909,
0.000,nan,nan,nan,nan,134.000,27.000,16.500,5.400,0.000,
nan,nan,nan,nan,nan,0.000,153.000,72.800,95.294,132.000,
nan,0.000,0.000,138.000,nan,nan,nan,93.000,87.000,nan,
63.000,103.125,71.368,76.000,75.000,49.364,nan,45.000,87.600,0.000,
33.000,36.750,60.000,61.571,82.091,56.400,78.600,53.625,33.750,112.500,
70.500,nan,0.000,59.348,94.800,55.636,29.250,61.923,70.875,75.000,
