0.347,0.349,0.342,0.301,0.315,0.438,0.375,0.348,0.345,0.322,
0.225,0.469,nan,nan,0.344,nan,nan,0.330,0.359,0.304,
0.417,0.219,nan,nan,nan,nan,0.384,0.312,0.353,0.328,
0.340,0.352,nan,nan,nan,nan,0.312,0.320,0.323,0.319,
0.307,0.375,nan,0.438,0.312,nan,nan,0.297,0.340,0.356,
0.234,nan,0.458,0.306,0.363,0.375,nan,0.319,0.345,0.292,
0.219,0.625,0.339,0.303,nan,nan,0.188,0.333,0.341,0.396,
0.237,0.167,0.352,0.323,0.333,0.250,0.344,0.412,0.402,0.339,
0.317,0.327,0.306,0.336,0.300,0.365,0.347,0.219,0.368,0.365,
0.402,0.312,0.335,0.289,0.312,0.297,0.329,0.284,0.345,0.352,
