121.688,34.000,112.000,125.333,52.414,108.568,102.300,78.000,nan,3.000,
129.000,93.857,84.375,59.176,89.316,85.200,131.000,nan,nan,nan,
0.000,93.857,100.680,112.263,89.100,64.154,33.750,nan,nan,nan,
201.000,115.950,59.400,56.438,70.125,70.857,234.000,nan,nan,nan,
240.000,nan,nan,0.000,0.000,0.000,nan,nan,nan,nan,
0.000,nan,nan,nan,5.250,126.000,nan,nan,nan,nan,
nan,111.000,98.100,4.500,132.909,121.286,0.000,nan,nan,nan,
nan,96.577,60.100,105.750,76.667,97.364,0.000,nan,nan,nan,
nan,nan,87.857,199.200,129.312,22.000,165.000,nan,nan,nan,
97.000,6.000,80.690,103.650,84.514,96.162,127.696,192.000,nan,nan,
