0.281,0.352,0.312,0.312,0.312,0.308,0.311,0.299,0.250,0.438,
0.281,nan,0.375,0.287,0.321,0.369,0.333,0.328,0.302,0.391,
0.250,0.219,nan,nan,0.323,0.307,0.336,0.355,0.330,0.292,
0.312,0.289,0.500,0.326,0.331,0.337,0.320,0.367,0.372,0.344,
0.438,0.375,0.281,0.365,0.356,0.345,0.322,nan,nan,0.333,
nan,nan,0.364,0.338,0.362,0.295,0.312,nan,nan,nan,
nan,nan,0.338,0.188,0.188,0.320,0.375,0.156,0.188,nan,
0.307,0.312,0.293,0.250,0.287,0.276,0.297,0.345,0.385,0.237,
0.375,0.312,0.319,0.412,0.375,0.344,0.341,0.342,0.375,0.500,
0.438,0.330,0.332,0.370,0.375,0.319,0.320,0.302,nan,0.344,
