0.338,0.333,0.343,0.338,0.327,0.250,nan,nan,nan,0.375,
nan,0.352,0.339,0.345,0.312,nan,nan,nan,nan,nan,
0.250,nan,0.306,0.391,0.188,nan,0.062,0.312,0.188,0.281,
nan,nan,nan,nan,nan,0.188,0.250,0.406,nan,0.438,
nan,nan,nan,nan,nan,0.292,nan,0.438,0.438,nan,
nan,nan,nan,nan,0.375,0.388,0.354,0.438,nan,nan,
nan,nan,nan,nan,0.688,0.381,0.330,0.312,nan,nan,
nan,0.500,0.335,0.297,nan,nan,0.375,0.406,0.312,nan,
0.312,0.351,0.335,0.293,0.331,0.500,0.281,nan,nan,nan,
0.438,0.353,0.347,0.334,0.368,0.375,nan,nan,nan,nan,
