nan,0.331,0.346,0.344,0.302,0.308,0.302,0.388,0.188,nan,
0.344,nan,0.396,0.344,0.354,0.359,0.325,0.325,0.398,0.306,
0.500,0.479,nan,nan,0.425,0.295,0.371,0.320,0.347,0.281,
0.333,0.357,0.375,0.339,0.342,0.352,0.301,0.350,0.353,0.331,
nan,0.281,0.288,0.337,0.295,0.344,0.338,nan,0.281,nan,
nan,0.312,0.285,0.312,0.271,0.319,nan,nan,nan,nan,
0.375,nan,0.383,0.312,0.375,0.365,0.500,0.333,nan,nan,
0.356,0.375,0.375,0.298,0.312,0.332,0.349,0.339,0.368,0.344,
0.312,0.330,0.333,0.284,0.250,0.250,0.286,0.267,nan,0.250,
0.188,0.361,0.292,0.335,0.312,0.299,0.348,0.307,0.500,0.234,
