nan,0.312,0.303,0.259,0.344,0.402,0.406,0.339,0.312,0.411,
0.406,0.336,0.352,0.302,0.258,0.312,0.376,0.309,0.278,0.383,
0.312,nan,nan,0.250,0.312,0.357,0.353,0.312,0.278,nan,
nan,0.340,nan,0.156,0.500,0.357,0.321,0.353,0.297,0.336,
0.325,0.375,nan,0.297,0.322,0.062,0.219,0.290,0.275,0.375,
0.325,nan,0.375,0.330,0.319,0.297,0.312,0.231,0.308,0.354,
0.275,nan,0.327,0.340,0.297,0.375,0.375,0.339,0.347,0.340,
0.319,0.388,0.312,0.312,0.300,0.391,0.271,nan,0.188,0.348,
0.368,0.263,0.688,0.344,0.312,0.355,0.339,0.350,0.312,0.297,
0.062,0.323,0.344,nan,0.344,0.297,0.295,0.352,0.340,0.375,
