0.312,0.364,0.346,0.344,0.396,0.312,0.438,nan,nan,nan,
nan,0.396,0.296,0.368,0.188,0.312,0.362,0.375,0.375,0.229,
nan,nan,0.406,0.324,0.304,0.312,0.344,0.340,0.296,0.352,
0.250,0.360,0.340,0.322,0.327,0.305,0.306,0.294,0.250,0.229,
0.295,0.344,0.335,0.371,0.345,0.316,0.250,nan,0.438,0.294,
0.219,0.250,0.300,nan,0.375,0.350,0.312,0.312,nan,nan,
0.281,nan,0.229,nan,0.319,0.358,0.351,0.359,nan,nan,
0.125,0.333,0.300,0.271,0.354,0.304,0.312,0.372,0.250,nan,
0.375,0.337,0.341,0.334,0.375,0.273,0.365,0.379,0.188,nan,
0.125,0.322,0.325,0.340,0.319,0.375,nan,0.292,nan,nan,
