0.394,0.325,0.344,0.344,0.361,0.347,0.306,nan,nan,0.258,
0.419,0.358,0.331,0.351,0.306,0.323,0.258,0.258,nan,nan,
0.339,0.194,0.355,0.328,0.359,nan,0.357,0.349,0.293,0.302,
0.419,0.362,0.281,0.323,0.363,0.304,0.318,0.323,0.290,0.344,
0.327,0.339,0.355,0.358,0.316,0.344,0.403,nan,nan,0.452,
nan,0.452,0.378,0.312,nan,nan,0.355,nan,nan,nan,
0.226,nan,0.290,0.258,0.452,0.353,0.296,0.323,nan,nan,
nan,nan,0.376,0.340,0.346,0.351,0.348,0.321,0.323,nan,
nan,0.334,0.330,0.359,0.306,0.290,0.342,0.342,0.161,nan,
0.258,0.296,0.330,0.334,0.333,0.297,nan,nan,nan,nan,
