0.250,0.344,nan,0.331,0.344,0.312,0.307,0.315,0.317,0.351,
0.334,0.384,0.062,0.188,0.188,0.305,0.317,0.375,0.348,0.375,
0.356,0.312,0.562,nan,nan,nan,0.188,0.364,0.277,0.348,
0.317,0.361,nan,nan,nan,nan,nan,0.329,0.388,0.356,
0.312,nan,nan,nan,0.344,0.281,nan,nan,nan,nan,
0.406,nan,nan,nan,nan,nan,0.438,0.354,0.319,0.330,
nan,nan,nan,0.225,nan,nan,nan,0.350,0.375,0.375,
nan,0.413,0.337,0.322,0.312,nan,0.375,0.438,0.357,0.391,
0.312,nan,0.375,0.345,0.281,0.250,0.312,0.396,0.359,0.321,
0.323,0.188,0.312,0.334,0.336,0.362,0.344,0.337,0.345,0.344,
