0.326,0.318,0.283,0.348,0.345,0.281,0.312,0.321,0.280,0.337,
0.400,0.281,nan,nan,0.250,nan,nan,0.336,0.362,0.321,
0.333,0.453,nan,nan,nan,nan,0.290,0.250,0.316,0.319,
0.358,0.344,nan,nan,nan,nan,0.250,0.412,0.353,0.312,
0.375,0.384,nan,0.312,0.406,nan,nan,0.398,0.352,0.319,
0.375,nan,0.229,0.333,0.310,0.188,nan,0.431,0.324,0.403,
0.469,0.062,0.348,0.351,nan,nan,0.500,0.304,0.352,0.312,
0.225,0.354,0.324,0.307,0.302,0.438,0.312,0.275,0.286,0.348,
0.317,0.399,0.341,0.320,0.338,0.354,0.325,0.328,0.312,0.317,
0.286,0.322,0.344,0.297,0.328,0.281,0.329,0.365,0.340,0.258,
