nan,0.281,0.277,0.319,0.250,0.333,0.294,0.348,0.312,0.312,
0.438,nan,0.188,nan,0.338,0.328,0.412,0.295,0.358,0.320,
0.250,0.250,nan,nan,0.438,0.352,0.354,0.321,0.318,0.362,
0.359,0.355,0.333,0.331,0.333,0.317,0.391,0.301,0.299,0.331,
nan,0.275,0.324,0.321,0.320,0.331,0.300,0.312,0.344,nan,
nan,nan,0.350,0.348,0.362,0.305,0.344,nan,nan,nan,
nan,0.375,0.250,0.333,0.250,0.321,0.292,nan,nan,nan,
0.348,0.348,0.340,0.312,0.425,0.356,0.375,0.351,0.312,nan,
nan,0.286,0.331,0.353,0.300,0.312,0.302,0.359,0.312,0.375,
0.250,0.309,0.330,0.308,0.234,0.336,0.341,0.296,0.312,0.312,
