0.263,0.324,0.318,0.341,0.342,0.406,nan,nan,nan,0.188,
nan,0.320,0.334,0.342,0.342,nan,nan,nan,nan,nan,
0.500,nan,0.331,0.227,0.438,nan,0.312,0.438,0.438,0.328,
nan,nan,nan,nan,nan,0.375,0.312,0.219,nan,0.312,
nan,nan,nan,nan,nan,0.375,nan,0.188,0.438,nan,
nan,nan,nan,nan,0.375,0.338,0.292,0.375,nan,nan,
nan,nan,nan,nan,0.125,0.350,0.341,0.438,nan,nan,
nan,0.312,0.330,0.266,nan,nan,0.500,0.250,0.305,nan,
0.312,0.327,0.336,0.332,0.338,0.312,0.344,nan,nan,nan,
0.156,0.330,0.344,0.334,0.291,0.375,nan,nan,nan,nan,
