nan,0.362,0.350,0.350,0.354,0.396,0.400,0.324,0.266,0.312,
0.375,0.333,0.341,0.333,0.375,0.391,0.344,0.315,0.338,0.309,
0.375,0.406,0.375,0.375,0.375,0.364,0.328,0.336,0.188,0.290,
0.375,0.382,0.188,0.325,0.281,0.281,0.326,0.375,0.375,0.302,
0.381,0.292,nan,0.346,0.326,0.271,0.295,0.338,0.469,0.375,
0.312,nan,0.312,0.317,0.340,0.333,0.396,0.312,0.188,nan,
0.375,0.250,0.354,0.368,0.353,0.354,0.275,0.367,nan,0.388,
0.339,0.294,0.375,0.266,0.307,0.284,0.344,0.250,0.312,0.438,
0.312,0.312,0.391,0.329,0.392,0.326,0.309,0.324,0.301,0.350,
0.438,0.312,0.354,0.312,0.312,0.250,0.330,0.322,0.357,0.359,
