nan,0.332,0.297,0.396,nan,nan,0.354,0.125,0.312,0.344,
nan,0.358,0.347,0.307,0.250,0.352,0.344,0.364,0.344,0.328,
0.396,0.287,0.359,0.438,0.375,0.366,0.306,0.336,0.346,0.330,
0.438,0.325,nan,0.188,0.263,0.344,0.355,0.279,0.333,0.261,
nan,0.328,0.375,0.375,0.321,0.328,0.333,0.312,nan,nan,
nan,nan,0.312,0.332,0.332,0.328,0.331,0.371,nan,nan,
0.562,0.385,0.330,0.306,0.369,0.289,0.329,0.333,nan,nan,
0.372,0.333,0.281,0.375,0.355,0.340,0.306,0.250,0.375,0.250,
0.312,0.360,0.350,nan,0.336,0.409,0.352,0.356,0.362,0.385,
0.422,0.319,0.344,0.250,0.350,0.391,0.327,0.312,0.339,0.344,
