0.323,0.312,nan,nan,0.334,0.430,0.347,0.351,0.314,0.324,
0.327,0.342,0.419,0.323,0.350,0.290,0.313,0.326,0.304,0.331,
0.325,0.361,nan,nan,nan,0.419,0.336,0.318,0.356,0.341,
0.328,0.355,nan,nan,nan,0.360,0.353,0.351,0.326,0.351,
nan,nan,nan,nan,nan,0.346,0.258,0.267,0.331,0.387,
nan,nan,nan,nan,nan,nan,0.290,0.347,0.342,0.346,
0.323,nan,nan,nan,nan,nan,nan,0.323,0.301,0.366,
0.387,0.331,0.406,0.310,0.355,0.323,0.323,nan,0.339,nan,
0.339,0.319,0.316,0.327,0.366,0.330,0.306,0.301,0.327,0.355,
0.327,nan,nan,0.313,0.258,0.328,0.359,0.339,0.334,0.306,
