0.339,0.319,0.350,0.328,0.330,0.292,0.396,0.438,0.354,0.316,
0.312,0.406,0.375,0.375,0.281,nan,0.309,0.344,0.229,0.383,
0.406,0.271,nan,nan,nan,0.312,0.346,0.380,0.383,0.271,
0.320,0.250,nan,nan,nan,nan,0.358,0.312,0.365,0.344,
0.384,nan,0.333,0.330,0.385,nan,0.438,0.391,0.295,0.293,
0.344,0.350,0.341,0.345,0.325,0.400,0.292,0.312,0.334,0.370,
0.375,0.250,0.299,0.326,0.293,0.375,nan,0.309,0.362,0.332,
0.287,0.375,0.172,0.329,0.475,0.271,0.359,0.125,0.438,0.336,
0.346,0.348,0.375,0.333,0.286,0.335,0.341,0.354,0.350,0.287,
0.333,0.347,0.412,0.309,0.348,0.344,0.344,0.295,0.340,0.250,
