nan,0.250,0.312,0.156,0.312,0.297,0.346,0.396,nan,nan,
0.500,nan,nan,0.250,0.359,0.336,0.275,0.384,0.438,0.308,
0.312,nan,nan,0.375,0.438,0.328,0.358,0.362,0.062,0.320,
0.167,0.318,nan,0.339,0.219,0.305,0.325,0.336,0.378,0.328,
nan,0.366,0.453,0.352,0.325,0.326,0.324,0.285,0.438,0.271,
0.188,0.250,0.125,0.389,0.273,0.446,nan,0.188,nan,nan,
0.500,0.295,0.625,0.305,0.354,0.297,0.312,0.250,nan,nan,
0.298,0.406,0.362,0.307,0.343,0.357,0.342,0.269,0.354,0.438,
0.324,0.340,0.347,0.312,0.453,0.344,0.369,0.375,0.375,0.250,
0.312,0.345,0.341,0.317,0.302,0.333,0.300,0.342,0.321,nan,
