nan,0.307,0.330,0.335,0.333,0.344,nan,nan,nan,nan,
nan,0.250,0.312,0.338,0.281,nan,0.406,nan,nan,nan,
0.364,0.312,0.383,0.281,0.188,nan,0.312,0.281,nan,0.366,
nan,0.375,0.309,0.339,0.350,0.312,0.364,0.297,nan,nan,
0.359,0.385,0.328,0.269,0.300,0.281,0.250,nan,nan,nan,
0.375,0.250,0.300,0.375,0.312,0.312,0.290,0.375,nan,nan,
nan,nan,nan,0.250,0.500,0.319,0.322,0.312,nan,nan,
nan,0.271,0.365,0.337,0.385,0.344,0.406,0.366,0.271,nan,
0.562,0.302,0.344,0.326,0.396,0.212,0.312,0.322,nan,nan,
0.188,0.354,0.347,0.341,0.323,0.312,nan,nan,nan,nan,
