0.312,0.369,0.297,0.321,0.333,0.368,0.327,0.302,0.319,0.292,
0.250,0.425,0.312,0.315,0.339,0.333,0.312,0.317,0.360,0.312,
0.281,0.250,0.344,0.352,0.422,0.263,nan,0.326,0.375,0.312,
0.344,0.312,0.333,0.367,0.312,0.438,0.625,0.375,0.292,0.326,
0.188,0.406,0.327,0.333,0.250,0.208,0.234,0.287,0.365,0.250,
0.250,nan,0.361,0.338,0.366,0.312,0.375,0.250,0.375,0.396,
0.312,0.266,0.297,0.354,0.344,0.219,0.335,0.332,0.375,0.312,
0.365,0.301,0.385,0.388,0.326,0.294,0.402,0.344,0.350,0.411,
0.354,0.340,0.366,0.330,0.312,0.295,0.312,0.336,0.260,0.344,
0.438,0.372,0.274,0.346,0.328,0.412,0.292,0.320,0.344,0.385,
