nan,nan,0.346,0.312,0.250,0.394,0.301,0.188,nan,nan,
nan,nan,nan,0.219,0.362,0.400,0.294,0.328,0.188,0.312,
nan,nan,nan,nan,0.319,0.338,0.383,0.394,0.325,0.367,
0.312,0.234,nan,0.297,0.375,0.290,0.287,0.326,0.336,0.344,
nan,0.344,0.333,0.340,0.319,0.343,0.321,0.336,0.188,nan,
nan,0.344,nan,0.364,0.344,0.328,nan,0.344,nan,nan,
0.438,0.328,0.328,0.281,0.277,0.356,nan,nan,nan,nan,
0.333,0.424,0.375,0.356,0.336,0.342,0.322,0.328,0.366,nan,
0.353,0.287,0.324,0.295,0.319,0.375,0.365,0.271,0.351,0.318,
0.469,0.354,0.321,0.312,0.335,0.375,0.317,0.335,0.250,0.438,
