0.406,0.362,0.322,0.334,0.330,0.469,nan,nan,nan,nan,
nan,0.500,0.315,0.340,0.385,nan,0.375,nan,nan,nan,
0.250,nan,0.338,0.344,nan,0.312,0.250,0.333,0.271,0.335,
nan,nan,nan,0.396,0.304,0.297,0.365,0.333,0.438,0.297,
nan,nan,0.312,0.354,0.469,0.188,0.375,0.250,nan,0.375,
nan,nan,0.375,0.312,0.393,0.344,0.354,0.250,nan,nan,
nan,nan,0.312,0.250,0.438,0.438,0.346,nan,nan,nan,
nan,0.344,0.306,0.354,0.312,0.328,0.250,0.362,0.354,nan,
nan,0.305,0.304,0.330,0.388,0.328,0.271,nan,nan,nan,
0.469,0.398,0.333,0.323,0.338,nan,nan,nan,nan,nan,
