0.406,0.318,0.379,0.340,0.292,0.344,0.250,nan,nan,nan,
nan,0.354,0.342,0.337,0.500,0.125,0.263,0.188,0.219,0.250,
nan,nan,0.297,0.348,0.357,0.375,0.310,0.326,0.433,0.359,
0.375,0.386,0.285,0.345,0.384,0.364,0.381,0.388,0.375,0.396,
0.369,0.328,0.312,0.316,0.328,0.337,0.500,nan,0.250,0.331,
0.406,0.344,0.375,nan,0.312,0.350,0.339,0.438,nan,nan,
0.281,nan,0.375,nan,0.333,0.312,0.279,0.242,nan,nan,
0.312,0.417,0.312,0.375,0.260,0.327,0.328,0.318,0.375,nan,
0.250,0.312,0.350,0.338,0.375,0.336,0.281,0.309,0.375,nan,
0.531,0.318,0.334,0.342,0.338,0.323,nan,0.250,nan,nan,
