112.125,151.000,93.643,115.846,84.150,84.585,90.000,3.000,nan,0.000,
157.000,111.300,96.300,96.257,86.923,43.286,100.714,0.000,nan,0.000,
0.000,34.125,88.667,46.909,125.591,75.000,nan,nan,nan,nan,
139.250,93.250,66.000,135.300,115.500,131.357,66.667,0.000,nan,nan,
159.000,nan,nan,nan,81.000,nan,nan,nan,nan,nan,
nan,nan,nan,nan,105.429,172.500,0.000,nan,nan,nan,
nan,9.000,79.250,111.429,92.234,130.235,24.000,nan,nan,nan,
0.000,79.235,73.500,125.000,76.696,254.143,0.000,nan,nan,nan,
nan,0.000,91.667,141.500,94.957,64.800,82.500,nan,nan,nan,
12.000,195.000,98.429,57.000,75.677,166.333,81.621,54.706,72.000,nan,
