0.346,0.292,0.366,0.298,0.333,0.351,0.299,0.219,nan,0.125,
0.250,0.319,0.359,0.325,0.336,0.371,0.250,0.375,nan,0.500,
0.250,0.289,0.368,0.316,0.303,0.273,nan,nan,nan,nan,
0.323,0.341,0.312,0.325,0.287,0.295,0.250,0.438,nan,nan,
0.365,nan,nan,nan,0.094,nan,nan,nan,nan,nan,
nan,nan,nan,nan,0.375,0.234,0.312,nan,nan,nan,
nan,0.344,0.297,0.438,0.330,0.338,0.281,nan,nan,nan,
0.375,0.342,0.269,0.333,0.364,0.330,0.562,nan,nan,nan,
nan,0.312,0.340,0.333,0.323,0.306,0.323,nan,nan,nan,
0.312,0.219,0.369,0.362,0.300,0.329,0.310,0.357,0.354,nan,
