0.299,0.375,nan,nan,nan,0.400,0.285,0.323,0.336,0.334,
0.348,0.278,nan,nan,0.333,0.375,0.295,0.337,0.298,0.323,
0.299,0.328,0.312,nan,nan,0.266,0.344,0.347,0.338,0.298,
nan,nan,nan,nan,nan,0.321,0.333,0.362,0.332,0.344,
nan,nan,nan,nan,nan,nan,0.286,0.326,0.320,0.312,
nan,nan,nan,nan,nan,nan,nan,0.312,0.208,nan,
nan,nan,nan,nan,nan,nan,nan,nan,nan,0.625,
nan,nan,nan,0.375,0.406,nan,nan,0.562,0.406,0.294,
0.369,0.250,nan,0.323,0.410,nan,0.312,0.375,0.295,0.312,
0.375,nan,nan,0.500,0.500,nan,0.250,0.315,0.349,0.337,
