0.375,0.348,0.344,0.125,nan,0.359,0.312,0.406,nan,nan,
nan,0.275,0.328,0.292,0.297,0.365,0.475,0.356,0.304,0.188,
0.312,0.344,0.344,nan,nan,0.348,0.285,0.322,0.298,0.356,
nan,0.383,0.458,0.250,0.375,0.312,0.321,0.341,0.250,0.312,
nan,0.350,0.325,0.339,0.317,0.375,0.291,0.327,0.406,nan,
nan,0.312,0.391,0.411,0.326,0.375,0.368,0.275,0.375,nan,
nan,0.335,0.312,0.339,0.266,0.375,0.375,0.250,nan,nan,
0.347,0.329,0.328,0.362,0.364,0.334,0.381,0.361,0.271,nan,
0.312,0.310,0.378,0.375,0.325,0.342,0.317,0.293,0.438,0.271,
0.344,0.326,0.338,0.375,0.250,0.342,0.344,0.385,0.375,0.312,
