nan,0.375,0.312,0.250,0.271,0.370,0.350,0.292,nan,nan,
0.250,nan,nan,0.188,0.328,0.326,0.305,0.339,0.281,0.353,
0.250,nan,nan,0.375,0.469,0.302,0.327,0.364,0.500,0.336,
0.354,0.324,nan,0.304,0.375,0.333,0.312,0.312,0.338,0.350,
nan,0.321,0.359,0.348,0.317,0.328,0.333,0.319,0.250,0.417,
0.312,0.396,0.250,0.347,0.352,0.295,nan,0.375,nan,nan,
0.438,0.375,0.250,0.367,0.354,0.348,0.333,0.250,nan,nan,
0.385,0.338,0.384,0.335,0.315,0.304,0.346,0.287,0.167,0.250,
0.341,0.308,0.329,0.312,0.234,0.354,0.318,0.312,0.500,0.297,
0.562,0.338,0.326,0.345,0.312,0.391,0.338,0.321,0.295,nan,
