0.339,nan,nan,nan,0.125,0.379,0.339,0.335,0.363,0.338,
0.312,0.241,nan,0.375,0.338,0.250,0.340,0.355,0.299,0.304,
0.378,0.375,nan,nan,0.062,0.320,0.317,0.347,0.331,0.341,
0.396,nan,nan,nan,0.250,0.352,0.273,0.297,0.303,0.318,
nan,nan,nan,nan,nan,0.281,0.366,0.309,0.386,nan,
nan,nan,nan,nan,nan,nan,0.188,0.281,0.385,0.438,
nan,nan,nan,nan,nan,nan,nan,nan,0.312,0.344,
0.094,0.375,nan,0.375,nan,nan,nan,0.453,0.333,0.340,
0.341,nan,0.396,0.308,0.312,0.312,0.367,0.333,0.328,0.284,
0.375,nan,nan,0.375,0.188,0.281,0.345,0.315,0.341,0.351,
