0.271,0.317,0.357,0.348,0.321,0.331,0.334,0.302,nan,nan,
0.312,0.375,nan,0.362,0.406,0.338,0.312,0.375,0.388,0.266,
nan,0.438,nan,nan,0.320,0.383,0.375,0.344,0.334,0.250,
0.688,0.302,0.250,0.404,0.359,0.321,0.380,0.156,0.312,0.394,
nan,0.330,0.356,0.366,0.402,0.319,0.290,nan,nan,0.381,
nan,0.312,0.328,0.344,0.312,0.328,0.375,nan,nan,nan,
0.406,nan,0.287,0.312,0.281,0.316,0.303,0.350,nan,nan,
0.330,0.312,0.344,0.305,0.331,0.341,0.303,0.349,0.365,0.344,
0.364,0.331,0.342,0.328,nan,0.328,0.299,0.335,0.281,0.250,
nan,0.125,0.298,0.328,0.375,0.365,0.332,0.453,0.375,nan,
