nan,0.000,88.286,73.000,107.000,93.000,88.826,0.000,nan,0.000,
nan,nan,nan,84.000,111.000,73.059,70.846,63.333,46.500,86.500,
nan,nan,nan,0.000,106.000,66.000,80.400,76.969,69.750,90.857,
0.000,48.857,0.000,33.000,63.750,97.000,53.625,70.125,103.909,84.250,
nan,60.000,97.000,78.343,69.462,83.143,80.062,71.045,30.000,nan,
nan,79.636,16.000,120.750,91.286,73.800,21.000,51.500,63.000,nan,
43.286,60.706,32.500,0.000,87.000,73.636,45.375,0.000,nan,nan,
175.800,57.923,57.484,62.250,92.812,68.250,91.833,127.000,123.000,nan,
70.167,62.182,84.115,53.700,67.714,76.667,105.300,40.909,69.833,74.571,
69.000,100.071,83.682,88.571,55.421,74.333,87.500,73.500,63.000,0.000,
