49.800,70.400,116.449,105.433,101.679,95.250,75.000,nan,nan,0.000,
0.000,53.700,87.400,108.808,0.000,0.000,8.000,0.000,nan,nan,
210.000,0.000,92.000,90.333,25.125,nan,85.833,68.500,21.000,107.647,
0.000,42.000,114.857,79.615,67.000,85.714,79.286,101.625,9.000,28.000,
114.000,85.312,56.250,84.273,74.400,111.500,183.000,nan,nan,0.000,
nan,0.000,112.714,68.000,nan,nan,114.000,nan,nan,nan,
0.000,nan,0.000,0.000,0.000,98.786,102.750,0.000,nan,nan,
nan,nan,173.000,76.909,75.000,76.320,43.800,60.500,89.000,nan,
nan,95.143,72.111,50.379,78.000,84.000,70.800,68.667,0.000,nan,
49.500,76.000,81.380,85.281,106.615,48.000,nan,nan,nan,nan,
