nan,0.286,0.336,0.292,nan,nan,0.396,0.438,0.438,0.281,
nan,0.256,0.319,0.328,0.375,0.328,0.367,0.285,0.375,0.391,
0.250,0.344,0.312,0.375,0.438,0.268,0.329,0.332,0.331,0.323,
0.281,0.356,nan,0.312,0.388,0.352,0.332,0.357,0.306,0.386,
nan,0.406,0.208,0.286,0.330,0.344,0.380,0.344,nan,nan,
nan,nan,0.312,0.303,0.333,0.367,0.375,0.321,nan,nan,
0.188,0.240,0.393,0.342,0.290,0.386,0.302,0.344,nan,nan,
0.289,0.317,0.406,0.354,0.342,0.323,0.347,0.438,0.250,0.438,
0.354,0.340,0.375,nan,0.305,0.288,0.322,0.388,0.290,0.250,
0.375,0.368,0.331,0.312,0.287,0.336,0.319,0.388,0.344,0.328,
