0.361,0.325,0.336,0.327,0.334,0.331,nan,nan,nan,0.355,
nan,0.343,0.349,0.343,0.342,nan,nan,nan,nan,nan,
0.323,nan,0.368,0.355,0.323,nan,0.548,0.306,0.371,0.363,
nan,nan,nan,nan,nan,0.452,0.387,0.355,nan,0.301,
nan,nan,nan,nan,nan,0.366,nan,0.306,0.194,nan,
nan,nan,nan,nan,0.265,0.316,0.344,0.194,nan,nan,
nan,nan,nan,nan,0.290,0.287,0.349,0.290,nan,nan,
nan,0.290,0.320,0.395,nan,nan,0.290,0.315,0.310,nan,
0.419,0.326,0.322,0.385,0.358,0.258,0.339,nan,nan,nan,
0.419,0.311,0.325,0.327,0.348,0.274,nan,nan,nan,nan,
