0.325,0.321,0.368,0.306,0.384,0.344,0.359,0.417,nan,0.350,
0.264,0.339,nan,0.463,0.340,0.344,0.304,0.259,0.250,0.625,
0.271,0.396,0.393,0.287,0.323,0.312,0.344,0.625,nan,0.125,
0.324,0.328,0.277,0.301,0.343,0.337,0.438,0.219,nan,0.344,
0.347,0.307,nan,0.344,0.406,0.351,0.188,nan,nan,0.300,
0.344,0.250,0.319,0.308,0.357,0.339,0.250,nan,nan,nan,
nan,0.256,nan,0.375,0.297,0.350,0.297,nan,nan,nan,
0.326,0.341,0.329,0.388,0.337,0.351,nan,nan,nan,0.219,
0.250,0.292,0.309,0.356,0.359,0.338,0.375,0.406,nan,nan,
0.406,0.317,0.331,0.301,0.328,0.365,0.312,0.333,nan,0.250,
