nan,nan,0.281,0.359,0.375,0.340,0.321,0.383,nan,0.344,
0.375,nan,nan,nan,0.281,0.438,0.304,0.477,0.396,0.342,
nan,0.125,nan,nan,nan,0.335,0.369,0.338,0.266,0.267,
nan,0.375,0.375,0.359,0.375,0.324,0.350,0.375,0.281,0.344,
nan,0.292,0.392,0.327,0.316,0.330,0.354,0.333,0.375,0.344,
nan,nan,0.354,0.348,nan,0.312,0.328,0.312,nan,nan,
0.281,0.344,0.438,0.430,0.281,0.384,0.297,0.125,nan,nan,
0.327,0.276,0.361,0.263,0.382,0.304,0.339,0.364,0.375,0.375,
0.281,0.361,0.327,0.367,0.229,0.250,0.336,0.292,0.188,0.500,
0.417,0.375,0.328,0.337,0.356,0.312,0.334,0.277,0.302,0.375,
