nan,0.250,0.366,0.330,0.312,0.299,0.353,0.317,0.312,0.312,
0.250,nan,0.375,nan,0.212,0.406,0.450,0.278,0.261,0.391,
0.281,0.188,nan,nan,0.312,0.348,0.344,0.408,0.307,0.225,
0.344,0.320,0.438,0.306,0.350,0.331,0.266,0.307,0.352,0.324,
nan,0.394,0.341,0.356,0.333,0.317,0.325,0.250,0.312,nan,
nan,nan,0.344,0.353,0.350,0.324,0.381,nan,nan,nan,
nan,0.438,0.375,0.333,0.438,0.348,0.292,nan,nan,nan,
0.375,0.357,0.330,0.326,0.325,0.293,0.375,0.310,0.375,nan,
nan,0.339,0.347,0.301,0.350,0.273,0.323,0.289,0.375,0.375,
0.562,0.322,0.295,0.350,0.406,0.362,0.320,0.333,0.406,0.375,
