0.303,0.332,0.319,0.312,0.310,0.438,0.375,0.357,0.309,0.339,
0.292,0.340,0.500,0.125,0.438,0.406,0.359,0.352,0.350,0.382,
0.303,nan,nan,nan,nan,0.375,0.336,0.319,0.259,0.290,
0.345,0.375,nan,nan,nan,nan,0.500,0.375,0.326,0.300,
0.325,0.312,nan,0.469,0.348,nan,0.375,0.365,0.347,0.331,
0.229,nan,0.347,0.293,0.293,0.188,0.312,0.344,0.338,0.312,
0.375,0.188,0.295,0.386,0.312,nan,0.188,0.316,0.333,0.438,
0.271,0.286,0.328,0.348,0.521,nan,0.380,0.250,0.391,0.386,
0.354,0.305,0.316,0.300,0.300,0.278,0.325,0.344,0.339,0.312,
0.354,0.328,0.307,0.320,0.299,0.312,0.344,0.356,0.427,0.380,
