0.324,nan,nan,nan,nan,0.348,0.328,0.337,0.337,0.324,
0.333,0.417,nan,nan,0.277,0.312,0.400,0.388,0.344,0.355,
0.312,0.312,nan,nan,nan,0.333,0.367,0.341,0.318,0.338,
0.250,nan,nan,nan,nan,0.338,0.366,0.327,0.333,0.300,
nan,nan,nan,nan,nan,0.500,0.359,0.365,0.300,0.375,
nan,nan,nan,nan,nan,nan,0.312,0.250,0.356,nan,
nan,nan,nan,nan,nan,nan,nan,nan,0.438,0.500,
0.312,nan,nan,0.562,0.188,nan,nan,0.312,0.292,0.318,
0.308,nan,0.250,0.354,0.284,nan,0.344,0.298,0.358,0.359,
0.359,nan,nan,nan,nan,0.188,0.333,0.341,0.329,0.336,
