0.312,0.354,0.302,0.287,0.500,0.312,0.290,nan,nan,0.250,
nan,0.292,0.375,0.304,0.312,0.342,0.299,0.333,0.312,0.312,
0.438,0.266,0.438,nan,0.344,0.326,0.342,0.339,0.351,0.388,
nan,0.250,nan,0.479,0.281,0.359,0.375,0.319,0.340,0.263,
nan,0.312,0.281,0.367,0.279,0.331,0.339,0.328,0.306,0.281,
0.250,0.257,0.219,0.295,0.318,0.357,0.362,0.292,0.333,nan,
0.366,0.312,0.328,nan,0.312,0.375,0.277,nan,nan,nan,
0.324,0.319,0.312,0.338,0.296,0.308,0.295,0.396,0.312,nan,
0.357,0.354,0.373,0.344,0.286,0.344,0.354,0.400,0.315,0.367,
0.344,0.361,0.317,0.343,0.301,0.312,0.303,0.369,0.219,0.333,
