99.000,63.750,nan,nan,0.000,95.571,59.229,84.423,72.085,67.188,
79.985,36.500,nan,nan,0.000,82.286,61.219,64.545,70.143,84.000,
78.474,102.750,nan,nan,nan,96.000,75.525,81.765,62.163,91.050,
0.000,nan,nan,nan,nan,83.143,71.611,72.486,73.923,42.429,
nan,nan,nan,nan,nan,nan,45.667,85.667,74.667,0.000,
nan,nan,nan,nan,nan,nan,nan,0.000,nan,nan,
nan,nan,nan,nan,nan,nan,nan,nan,nan,nan,
nan,nan,nan,nan,nan,nan,nan,0.000,nan,57.000,
68.143,nan,nan,nan,99.000,nan,97.000,78.429,62.100,90.115,
25.333,nan,nan,nan,40.091,61.500,68.400,91.143,80.192,78.000,
