nan,nan,0.337,0.297,0.375,0.308,0.347,0.125,nan,nan,
nan,nan,nan,0.156,0.275,0.312,0.338,0.406,0.312,0.250,
nan,nan,nan,nan,0.299,0.338,0.345,0.321,0.300,0.281,
0.375,0.422,nan,0.297,0.312,0.344,0.250,0.344,0.333,0.337,
nan,0.312,0.260,0.335,0.344,0.343,0.312,0.352,0.188,nan,
nan,0.287,nan,0.298,0.344,0.281,nan,0.297,nan,nan,
0.375,0.349,0.359,0.375,0.393,0.331,nan,nan,nan,nan,
0.323,0.319,0.334,0.356,0.388,0.342,0.372,0.398,0.304,nan,
0.339,0.358,0.323,0.384,0.354,0.365,0.312,0.438,0.274,0.354,
0.312,0.333,0.352,0.352,0.284,0.375,0.320,0.324,0.312,0.250,
