0.375,0.281,0.352,0.335,0.339,0.290,0.352,nan,nan,0.380,
0.375,nan,0.333,0.334,0.345,0.400,nan,nan,nan,0.312,
0.438,0.308,0.330,0.327,0.351,0.359,nan,nan,nan,nan,
0.333,0.368,0.346,0.330,0.312,0.362,nan,nan,nan,nan,
nan,0.500,0.250,0.500,nan,0.375,nan,nan,nan,nan,
nan,nan,nan,nan,0.375,nan,nan,nan,nan,nan,
nan,nan,0.368,0.260,0.294,0.333,nan,nan,nan,nan,
nan,nan,0.338,0.286,0.368,0.292,nan,nan,nan,nan,
nan,0.271,0.330,0.368,0.369,0.281,nan,nan,nan,nan,
0.438,0.500,0.312,0.292,0.307,0.333,0.330,0.375,nan,nan,
