0.325,0.351,0.314,0.310,0.339,0.297,nan,nan,nan,0.375,
nan,0.344,0.306,0.295,0.325,nan,nan,nan,nan,nan,
0.375,nan,0.331,0.414,0.375,nan,0.312,0.344,0.406,0.281,
nan,nan,nan,nan,nan,0.250,0.188,0.312,nan,0.312,
nan,nan,nan,nan,nan,0.312,nan,0.594,0.312,nan,
nan,nan,nan,nan,0.287,0.375,0.271,0.500,nan,nan,
nan,nan,nan,nan,0.375,0.294,0.324,0.219,nan,nan,
nan,0.250,0.347,0.281,nan,nan,0.250,0.422,0.383,nan,
0.312,0.366,0.350,0.285,0.281,0.375,0.406,nan,nan,nan,
0.281,0.360,0.332,0.342,0.316,0.438,nan,nan,nan,nan,
