0.388,0.321,0.347,0.354,0.364,0.328,nan,0.398,0.306,0.322,
0.333,0.320,0.266,nan,0.263,nan,nan,0.327,0.330,0.328,
0.344,0.319,0.271,nan,nan,nan,0.287,0.332,0.317,0.281,
0.327,0.290,0.344,nan,0.312,nan,nan,0.292,0.335,0.276,
0.321,0.219,nan,0.312,0.367,0.406,0.500,0.354,0.406,0.281,
0.281,nan,nan,0.438,0.292,nan,nan,0.385,0.334,0.312,
0.312,nan,nan,0.341,0.312,nan,nan,0.318,0.281,0.388,
0.375,0.203,0.396,0.342,0.333,nan,0.344,0.414,0.317,0.344,
0.375,0.331,0.360,0.345,0.259,0.335,0.371,0.259,0.330,0.332,
0.281,0.368,0.375,0.317,0.312,0.342,0.317,0.352,0.310,0.321,
