0.360,0.304,0.321,0.368,0.375,0.326,0.333,0.375,nan,0.500,
0.375,0.338,0.335,0.314,0.340,0.356,0.365,nan,nan,0.375,
0.375,0.375,0.323,0.365,0.355,0.312,0.125,nan,nan,nan,
0.328,0.306,0.406,0.330,0.301,0.303,0.250,nan,nan,0.500,
0.312,nan,nan,0.469,nan,0.188,nan,nan,nan,0.375,
0.453,nan,0.219,0.469,0.375,0.420,nan,nan,nan,nan,
nan,0.250,0.319,0.312,0.366,0.348,0.438,nan,nan,nan,
0.438,0.323,0.361,0.323,0.368,0.312,0.250,nan,nan,nan,
nan,0.188,0.297,0.334,0.326,0.349,0.383,nan,nan,nan,
0.438,0.062,0.317,0.299,0.322,0.323,0.294,0.271,0.188,nan,
