0.344,0.357,0.321,0.331,0.375,0.356,0.350,0.366,0.375,0.188,
0.359,nan,0.263,0.287,0.354,0.312,0.302,0.391,0.281,0.297,
0.375,0.391,nan,nan,0.319,0.366,0.352,0.305,0.312,0.349,
0.500,0.352,0.229,0.330,0.342,0.362,0.349,0.336,0.312,0.330,
0.312,0.250,0.375,0.333,0.367,0.329,0.361,nan,nan,0.292,
nan,nan,0.324,0.281,0.362,0.357,0.396,nan,nan,nan,
nan,nan,0.362,0.400,0.438,0.391,0.312,0.500,0.438,nan,
0.375,0.375,0.349,0.458,0.362,0.344,0.427,0.384,0.333,0.375,
0.250,0.312,0.325,0.269,0.188,0.312,0.317,0.345,0.250,0.250,
0.250,0.358,0.349,0.317,0.438,0.362,0.356,0.323,nan,0.406,
