0.338,0.250,nan,0.312,0.338,0.269,0.319,0.343,0.338,0.352,
0.274,0.333,0.277,0.344,0.338,0.292,0.319,0.342,0.299,0.336,
0.305,0.344,nan,nan,0.375,0.312,0.325,0.343,0.359,0.317,
0.312,nan,nan,nan,0.312,0.344,0.341,0.324,0.297,0.354,
nan,nan,nan,nan,nan,0.357,0.340,0.301,0.317,0.281,
nan,nan,nan,nan,nan,nan,0.188,0.333,0.349,0.531,
0.292,nan,nan,nan,nan,nan,nan,nan,0.458,0.396,
0.281,0.300,nan,0.347,0.125,nan,0.250,nan,0.281,0.250,
0.371,nan,0.312,0.324,0.357,0.337,0.350,0.304,0.344,0.344,
0.341,nan,nan,0.292,nan,0.369,0.286,0.307,0.348,0.328,
