0.281,0.339,0.438,0.479,0.365,0.375,0.365,0.326,0.367,0.340,
0.353,0.337,0.312,0.312,0.263,0.241,0.312,0.353,0.330,0.312,
0.332,0.342,nan,nan,nan,nan,0.325,0.311,0.333,0.327,
0.321,0.333,nan,nan,nan,0.438,0.304,0.330,0.286,0.322,
0.219,nan,nan,nan,nan,0.271,0.344,nan,0.438,nan,
0.312,nan,nan,nan,nan,0.500,0.362,0.295,0.302,0.250,
nan,nan,0.250,0.348,nan,nan,0.375,0.271,0.321,0.375,
nan,0.327,0.327,0.342,0.388,0.312,nan,0.375,0.388,nan,
0.281,0.188,0.344,0.324,0.326,0.327,0.361,0.365,0.271,0.339,
0.312,0.250,0.438,0.349,0.356,0.301,0.188,0.322,0.315,0.362,
