0.250,0.312,0.375,0.312,0.250,0.286,0.344,0.281,nan,0.438,
0.375,0.438,nan,0.357,nan,0.378,0.318,0.362,0.325,0.250,
0.328,0.219,0.312,0.375,0.328,0.348,0.350,0.334,0.312,0.369,
0.250,0.352,0.325,0.266,0.344,0.354,0.417,0.330,0.323,0.375,
nan,0.354,0.328,0.323,0.350,0.343,0.315,0.356,0.219,0.250,
nan,0.391,0.312,0.419,0.245,0.354,0.358,0.336,nan,nan,
0.312,0.312,0.299,0.375,0.344,0.337,0.281,0.250,nan,nan,
0.469,0.305,0.309,0.338,0.339,0.312,0.429,0.339,0.375,0.375,
0.350,0.310,0.329,0.325,0.344,0.287,0.310,0.352,0.326,0.354,
0.250,0.308,0.346,0.348,0.297,0.330,0.340,0.388,nan,0.330,
