0.268,0.305,0.400,0.424,0.342,0.271,0.438,0.312,0.352,0.323,
0.362,0.322,0.333,0.312,0.333,nan,nan,0.367,0.281,0.403,
0.353,0.370,0.438,nan,nan,0.438,0.412,0.326,0.388,0.369,
0.343,0.400,nan,nan,nan,nan,0.250,0.375,0.353,0.390,
0.287,nan,nan,nan,0.321,0.312,0.375,0.365,0.281,0.406,
0.250,nan,nan,nan,0.312,0.438,0.250,0.292,0.353,0.312,
0.438,nan,nan,0.362,0.250,nan,0.375,0.375,0.317,0.348,
nan,0.250,0.367,0.321,0.312,0.312,0.375,0.406,0.344,0.406,
0.325,0.344,0.323,0.311,0.289,0.312,0.350,0.386,0.301,0.357,
0.357,0.328,0.312,0.284,0.375,0.355,0.302,0.300,0.288,0.295,
