0.406,0.309,0.229,0.300,0.188,0.425,0.299,0.319,0.312,0.320,
0.312,0.391,0.312,0.312,0.391,0.417,0.291,0.345,0.312,0.323,
0.438,0.388,nan,0.312,nan,0.263,0.360,0.280,0.295,0.256,
0.375,0.295,nan,0.250,0.417,0.300,0.341,0.308,0.188,0.333,
0.350,0.479,0.375,0.359,0.309,0.312,0.312,0.281,nan,0.344,
0.250,nan,0.300,0.292,0.351,nan,0.348,0.375,0.328,nan,
0.438,0.375,0.375,0.312,0.349,0.336,0.350,0.305,nan,0.375,
0.349,0.403,0.406,0.344,0.386,0.320,0.312,0.438,nan,0.344,
0.281,0.348,0.234,0.375,0.375,0.329,0.334,0.369,0.262,0.338,
0.406,0.330,0.250,nan,0.323,0.271,0.359,0.320,0.331,0.319,
