0.333,0.364,0.305,0.354,0.285,0.278,0.240,nan,nan,0.229,
nan,0.344,0.354,0.312,0.333,0.250,0.344,nan,0.312,0.323,
0.312,nan,0.281,0.375,0.341,0.328,0.325,0.312,0.350,0.448,
0.375,0.365,0.344,0.286,0.299,0.320,0.330,0.375,0.312,0.317,
0.271,0.365,0.268,0.285,0.324,0.344,0.438,nan,0.250,0.344,
nan,0.285,0.380,0.469,0.359,0.328,0.330,0.438,nan,0.188,
0.250,0.062,0.319,0.281,0.347,0.381,0.396,0.284,0.312,nan,
0.375,0.312,0.356,0.406,0.375,0.339,0.333,0.329,0.300,0.292,
nan,0.350,0.327,0.348,0.438,0.359,0.350,0.361,0.297,0.375,
nan,0.332,0.307,0.364,0.208,0.329,0.302,0.469,nan,nan,
