0.356,0.312,nan,0.312,0.344,0.331,0.342,0.328,0.317,0.335,
0.330,0.346,0.339,0.281,0.325,0.354,0.306,0.293,0.331,0.289,
0.337,0.281,nan,nan,0.219,0.297,0.343,0.338,0.323,0.350,
0.312,nan,nan,nan,0.375,0.356,0.331,0.335,0.325,0.276,
nan,nan,nan,nan,nan,0.286,0.278,0.318,0.375,0.438,
nan,nan,nan,nan,nan,nan,0.250,0.333,0.385,0.281,
0.292,nan,nan,nan,nan,nan,nan,nan,0.396,0.438,
0.250,0.338,nan,0.292,0.188,nan,0.375,nan,0.406,0.375,
0.324,nan,0.250,0.334,0.357,0.284,0.331,0.268,0.281,0.250,
0.365,nan,nan,0.361,nan,0.319,0.349,0.327,0.330,0.307,
