0.312,0.438,nan,0.312,0.388,0.375,0.336,0.343,0.339,0.318,
0.340,0.342,0.321,0.344,0.287,0.323,0.300,0.322,0.349,0.359,
0.325,0.406,nan,nan,0.312,0.344,0.295,0.366,0.296,0.310,
0.500,nan,nan,nan,0.438,0.346,0.312,0.329,0.345,0.406,
nan,nan,nan,nan,nan,0.402,0.368,0.352,0.329,0.344,
nan,nan,nan,nan,nan,nan,0.500,0.333,0.302,0.375,
0.375,nan,nan,nan,nan,nan,nan,nan,0.250,0.208,
0.531,0.312,nan,0.368,0.625,nan,0.250,nan,0.344,0.312,
0.340,nan,0.375,0.350,0.357,0.385,0.294,0.335,0.359,0.391,
0.341,nan,nan,0.299,nan,0.362,0.307,0.327,0.299,0.312,
