0.379,nan,nan,nan,nan,0.312,0.306,0.314,0.290,0.345,
0.336,0.333,nan,nan,0.411,0.344,0.412,0.288,0.337,0.321,
0.297,0.312,nan,nan,nan,0.365,0.328,0.335,0.336,0.300,
0.354,nan,nan,nan,nan,0.317,0.298,0.348,0.352,0.352,
nan,nan,nan,nan,nan,0.250,0.234,0.333,0.319,0.250,
nan,nan,nan,nan,nan,nan,0.312,0.312,0.344,nan,
nan,nan,nan,nan,nan,nan,nan,nan,0.250,0.375,
0.469,nan,nan,0.125,0.500,nan,nan,0.438,0.354,0.323,
0.286,nan,0.438,0.309,0.403,nan,0.352,0.357,0.330,0.273,
0.328,nan,nan,nan,nan,0.396,0.375,0.297,0.323,0.336,
