nan,0.300,0.370,0.420,0.321,0.411,0.281,0.321,0.365,0.312,
0.354,0.320,0.352,0.385,0.312,0.344,0.371,0.305,0.299,0.332,
0.344,nan,nan,0.188,0.344,0.366,0.309,0.295,0.347,nan,
nan,0.319,nan,0.344,0.312,0.348,0.363,0.331,0.391,0.297,
0.281,0.375,nan,0.344,0.275,0.438,0.375,0.341,0.300,0.312,
0.362,nan,0.319,0.345,0.327,0.367,0.500,0.306,0.371,0.458,
0.362,nan,0.284,0.312,0.273,0.156,0.281,0.321,0.354,0.359,
0.335,0.312,0.312,0.391,0.344,0.398,0.438,nan,0.312,0.339,
0.257,0.367,0.375,0.359,0.286,0.357,0.327,0.388,0.368,0.383,
0.500,0.375,0.367,nan,0.312,0.281,0.311,0.312,0.308,0.328,
