0.450,0.310,0.336,0.257,0.338,0.354,0.125,0.320,0.323,0.297,
0.263,0.404,0.375,0.375,0.375,0.362,0.349,0.287,0.294,0.332,
0.328,nan,nan,0.375,0.438,0.292,0.345,0.388,0.344,0.312,
0.500,0.319,0.375,0.344,0.250,0.333,0.352,0.312,0.300,0.292,
0.326,nan,nan,0.389,0.375,nan,0.229,0.365,0.312,0.287,
0.219,0.406,0.358,0.330,0.381,0.250,nan,0.304,0.306,0.400,
0.338,0.562,0.325,0.344,0.304,0.281,0.312,0.312,0.339,0.369,
0.287,0.306,0.250,0.338,0.288,0.312,0.232,nan,0.237,0.367,
0.348,0.348,0.250,0.328,0.310,0.349,0.360,0.375,0.292,0.312,
0.312,0.354,0.281,0.300,0.312,0.312,0.338,0.384,0.284,0.333,
