24.750,0.000,0.000,0.000,nan,nan,57.500,25.846,41.000,24.000,
75.000,nan,0.000,27.333,0.000,nan,nan,73.538,96.033,68.323,
nan,nan,nan,nan,95.000,nan,nan,30.857,87.857,nan,
nan,nan,nan,nan,0.000,nan,nan,33.750,21.500,0.000,
nan,37.200,0.000,0.000,27.333,nan,nan,0.000,63.000,nan,
nan,nan,nan,24.000,42.000,nan,0.000,69.000,43.800,nan,
nan,nan,nan,32.000,nan,nan,55.875,58.931,60.698,0.000,
0.000,21.000,28.000,nan,nan,nan,nan,44.571,76.000,nan,
nan,0.000,nan,nan,nan,nan,63.750,0.000,42.750,0.000,
48.000,nan,nan,0.000,nan,50.000,58.132,37.138,58.420,49.895,
