nan,47.455,121.955,98.972,102.692,116.250,nan,nan,nan,nan,
nan,0.000,59.786,98.714,331.500,nan,129.000,nan,nan,nan,
67.636,0.000,85.500,55.909,12.000,nan,81.789,42.000,nan,94.227,
nan,0.000,67.235,83.143,73.600,40.800,58.636,114.250,nan,nan,
49.500,32.500,108.750,74.769,26.400,88.125,150.750,nan,nan,nan,
0.000,0.000,54.600,22.000,198.000,138.000,69.429,189.000,nan,nan,
nan,nan,nan,0.000,0.000,63.900,103.500,0.000,nan,nan,
nan,165.000,139.000,60.923,108.000,95.625,45.000,69.429,87.000,nan,
0.000,78.167,82.239,94.500,95.000,48.600,61.000,46.846,nan,nan,
0.000,77.500,106.227,98.062,74.625,112.000,nan,nan,nan,nan,
