25.200,55.900,73.263,54.000,80.000,58.500,0.000,88.500,104.000,58.500,
79.800,51.800,105.000,105.000,177.000,33.300,73.167,63.409,68.100,47.690,
57.000,nan,nan,58.000,0.000,96.000,66.312,148.800,121.500,0.000,
0.000,74.000,0.000,51.000,0.000,142.000,58.579,117.000,50.400,144.000,
70.667,nan,nan,81.692,108.500,nan,25.000,80.500,45.545,48.600,
78.000,0.000,55.364,83.314,82.969,39.429,nan,68.600,111.000,58.200,
91.200,0.000,90.000,84.214,42.517,78.000,3.000,69.500,85.714,105.900,
93.120,59.333,0.000,49.800,75.923,100.000,55.286,nan,36.600,50.250,
81.857,67.875,0.000,63.000,80.125,87.512,74.474,99.857,153.000,129.000,
69.000,48.833,70.125,35.400,48.000,48.000,83.778,55.286,87.000,24.000,
