0.349,0.292,0.366,0.308,0.359,0.352,0.293,0.375,nan,0.562,
0.375,0.300,0.284,0.327,0.327,0.326,0.312,0.375,nan,0.312,
0.312,0.383,0.326,0.343,0.301,0.284,nan,nan,nan,nan,
0.323,0.320,0.292,0.331,0.350,0.362,0.368,0.250,nan,nan,
0.406,nan,nan,nan,0.344,nan,nan,nan,nan,nan,
nan,nan,nan,nan,0.304,0.328,0.375,nan,nan,nan,
nan,0.250,0.370,0.384,0.327,0.338,0.469,nan,nan,nan,
0.188,0.309,0.362,0.271,0.310,0.375,0.438,nan,nan,nan,
nan,0.375,0.319,0.330,0.330,0.350,0.281,nan,nan,nan,
0.229,0.344,0.342,0.346,0.337,0.356,0.345,0.320,0.438,nan,
