0.312,0.319,0.362,0.360,0.350,0.312,0.302,0.335,0.354,0.276,
0.266,0.346,0.348,0.354,0.250,0.359,0.350,0.324,0.287,0.304,
0.348,0.250,0.325,0.287,0.338,0.320,0.312,0.330,0.250,0.359,
0.342,0.344,0.330,0.438,0.353,0.487,0.312,0.359,0.329,0.354,
0.396,0.384,0.319,0.312,0.319,0.350,0.344,0.438,0.318,0.259,
0.299,0.375,0.302,0.200,0.208,0.219,0.351,0.388,0.333,0.356,
0.312,0.295,0.375,0.299,0.354,0.312,0.332,0.329,0.312,0.295,
0.399,0.297,0.293,0.354,0.341,0.299,0.341,0.344,0.353,0.356,
0.306,0.305,0.335,0.312,0.333,0.359,0.370,0.371,0.263,0.406,
0.268,0.368,0.281,0.383,0.339,0.339,0.269,0.276,0.336,0.406,
