0.344,0.300,nan,0.354,0.322,0.250,0.308,0.306,0.307,0.338,
0.308,0.309,0.312,0.312,0.287,0.344,0.232,0.327,0.375,0.394,
0.322,0.403,nan,nan,nan,0.312,0.342,0.346,0.303,0.334,
0.373,0.219,nan,nan,nan,0.281,0.312,0.351,0.300,0.347,
0.438,nan,nan,nan,nan,0.333,0.312,0.383,0.338,0.438,
nan,nan,nan,nan,nan,0.250,0.219,0.379,0.301,0.234,
nan,0.375,0.312,0.354,nan,nan,nan,0.250,0.250,nan,
0.344,0.344,0.283,0.356,0.312,0.330,nan,0.438,0.294,0.375,
0.312,0.438,0.406,0.312,0.330,0.283,0.275,0.375,0.391,0.328,
0.344,nan,0.188,0.302,0.375,0.375,0.281,0.333,0.320,0.156,
