0.337,0.312,nan,nan,nan,0.306,0.364,0.325,0.296,0.299,
0.343,0.347,nan,nan,0.333,0.352,0.366,0.322,0.351,0.337,
0.345,0.328,0.438,nan,nan,0.359,0.322,0.325,0.300,0.375,
nan,nan,nan,nan,nan,0.338,0.337,0.312,0.347,0.351,
nan,nan,nan,nan,nan,nan,0.339,0.312,0.312,0.500,
nan,nan,nan,nan,nan,nan,nan,0.312,0.396,nan,
nan,nan,nan,nan,nan,nan,nan,nan,nan,0.250,
nan,nan,nan,0.438,0.375,nan,nan,0.250,0.344,0.306,
0.295,0.500,nan,0.302,0.354,nan,0.312,0.349,0.357,0.335,
0.438,nan,nan,0.312,0.188,nan,0.325,0.350,0.357,0.344,
