72.333,0.000,nan,nan,nan,93.600,72.652,71.136,66.261,84.000,
67.071,38.000,nan,nan,78.333,24.818,51.857,64.171,72.409,73.957,
56.684,31.500,0.000,nan,nan,45.000,52.500,82.675,81.514,82.765,
nan,nan,nan,nan,nan,97.200,65.023,72.462,69.000,101.167,
nan,nan,nan,nan,nan,nan,62.571,67.667,61.125,0.000,
nan,nan,nan,nan,nan,nan,nan,0.000,112.000,nan,
nan,nan,nan,nan,nan,nan,nan,nan,nan,0.000,
nan,nan,nan,0.000,7.500,nan,nan,0.000,150.000,78.900,
73.091,0.000,nan,137.000,77.000,nan,120.000,63.682,76.714,64.286,
0.000,nan,nan,0.000,0.000,nan,94.800,88.778,78.769,64.333,
