0.000,48.286,73.200,nan,0.000,0.000,78.000,108.000,0.000,0.000,
0.000,40.000,82.286,58.200,68.400,112.800,44.727,53.625,71.625,75.000,
nan,36.600,nan,0.000,0.000,83.455,40.875,71.042,80.333,52.500,
43.500,60.500,141.000,0.000,74.400,0.000,68.182,64.333,58.200,0.000,
nan,32.571,54.000,76.071,70.667,110.250,80.111,87.333,87.000,nan,
nan,117.750,46.667,58.588,57.750,58.000,47.250,77.182,0.000,nan,
nan,82.500,53.357,49.304,46.333,51.300,24.188,40.500,nan,nan,
99.000,71.769,88.857,81.000,74.000,69.414,49.636,137.000,0.000,0.000,
44.500,73.216,71.571,nan,111.000,88.875,97.138,97.333,65.625,50.100,
69.000,72.450,101.167,0.000,37.800,73.846,81.789,61.091,55.200,68.571,
