0.347,0.438,nan,nan,0.312,0.320,0.372,0.333,0.312,0.330,
0.359,0.326,0.312,0.297,0.286,0.412,0.344,0.300,0.353,0.301,
0.299,nan,nan,0.312,0.188,0.359,0.302,0.340,0.339,0.304,
0.412,nan,nan,nan,0.375,0.307,0.279,0.332,0.358,0.335,
nan,nan,nan,nan,nan,0.357,0.312,0.289,0.336,nan,
nan,nan,nan,nan,nan,nan,0.438,0.328,0.350,nan,
nan,nan,nan,nan,nan,nan,nan,0.406,0.375,nan,
0.312,nan,nan,0.250,nan,nan,0.438,0.357,nan,0.333,
0.325,nan,0.375,0.356,0.362,0.500,0.320,0.310,0.229,0.295,
0.319,nan,nan,nan,0.312,0.342,0.344,0.336,0.292,0.347,
