85.846,116.750,96.750,126.667,22.500,0.000,137.550,216.000,nan,81.000,
94.000,58.000,nan,281.000,43.200,179.400,70.235,130.800,0.000,0.000,
183.857,171.462,41.000,123.000,0.000,100.714,134.700,194.000,nan,0.000,
120.000,89.160,96.545,105.677,71.514,109.721,25.200,nan,nan,133.500,
111.000,109.000,61.500,33.000,121.800,172.667,0.000,nan,nan,105.300,
84.750,92.000,156.652,145.235,145.500,103.438,nan,nan,nan,127.000,
135.750,58.000,0.000,147.000,117.750,150.000,nan,nan,nan,nan,
54.429,66.000,38.000,90.429,100.473,120.300,0.000,nan,nan,0.000,
120.750,112.200,90.632,105.176,152.250,132.375,192.000,nan,nan,nan,
nan,83.500,114.583,114.975,92.893,46.125,42.643,nan,nan,183.000,
