128.000,0.000,152.647,25.800,99.000,141.900,111.692,145.000,31.500,81.273,
0.000,68.000,105.600,114.000,100.000,189.000,95.000,128.636,78.333,0.000,
nan,nan,198.000,175.800,114.857,131.906,123.375,6.000,71.625,nan,
nan,nan,0.000,84.000,0.000,90.000,100.500,38.500,120.000,111.000,
67.500,0.000,nan,120.750,61.250,116.062,97.080,141.000,57.000,106.174,
80.400,101.571,116.400,181.000,113.250,111.429,114.692,38.000,58.091,59.211,
97.421,114.750,111.000,0.000,66.000,0.000,71.750,100.091,147.500,122.000,
90.200,217.500,75.429,0.000,129.857,114.273,131.250,82.786,24.545,56.045,
130.500,154.200,0.000,nan,nan,0.000,0.000,94.875,121.048,144.000,
42.333,162.000,184.500,0.000,nan,nan,125.667,23.400,107.118,111.938,
