0.287,0.297,0.375,0.326,0.357,0.333,nan,0.400,0.334,0.357,
0.250,nan,0.315,0.325,0.361,0.318,0.406,0.469,0.337,nan,
0.375,0.275,0.324,0.319,0.354,0.417,nan,0.324,0.350,0.321,
0.392,nan,0.375,nan,nan,nan,0.500,0.326,0.353,0.284,
0.250,0.438,0.417,0.500,0.375,0.125,0.380,0.362,0.324,0.292,
0.344,0.358,0.351,0.295,0.312,0.322,0.367,0.312,0.315,0.333,
nan,0.321,0.330,0.417,0.312,nan,0.250,nan,nan,0.417,
0.338,0.292,0.364,nan,nan,0.250,0.358,0.438,0.312,0.688,
0.357,0.332,0.344,0.469,0.375,0.304,0.389,0.292,0.391,0.292,
0.323,nan,0.406,0.341,0.375,0.349,0.391,nan,0.341,0.250,
