90.000,nan,nan,nan,49.000,161.250,41.700,37.909,226.000,145.059,
0.000,nan,235.500,98.400,128.538,137.270,103.235,86.438,76.091,165.500,
nan,nan,0.000,nan,83.308,92.077,44.571,0.000,96.000,189.000,
0.000,nan,0.000,108.000,117.429,121.000,0.000,0.000,213.750,nan,
149.667,83.000,30.000,84.409,123.000,0.000,94.000,80.750,51.000,0.000,
0.000,0.000,0.000,65.640,75.300,85.548,45.429,81.136,100.552,91.000,
84.947,72.321,63.333,137.280,105.500,0.000,88.895,98.009,103.921,62.438,
171.429,11.000,0.000,0.000,nan,nan,72.750,112.105,103.535,41.000,
nan,nan,57.000,0.000,nan,0.000,141.000,15.000,30.600,93.600,
166.800,474.000,nan,nan,138.000,288.000,216.000,77.571,137.400,0.000,
