0.250,0.331,0.250,0.326,0.340,0.344,0.358,0.386,0.324,0.484,
0.326,0.250,0.417,0.349,0.375,0.500,0.300,0.363,0.320,0.391,
nan,0.292,0.233,0.333,0.306,nan,0.388,0.420,0.302,0.469,
0.306,0.250,0.296,0.348,0.379,0.348,0.353,0.315,0.358,0.366,
0.321,0.359,0.286,0.317,0.388,nan,0.188,0.321,0.266,0.307,
0.351,0.479,0.299,0.271,0.312,nan,nan,nan,0.406,0.338,
0.271,0.344,0.326,0.438,nan,nan,nan,nan,nan,0.359,
0.344,0.365,0.417,0.254,0.350,0.354,nan,0.188,nan,nan,
0.406,0.333,0.229,0.366,0.375,0.188,0.326,0.289,nan,nan,
0.312,0.333,0.375,0.301,0.323,0.312,0.326,0.312,0.281,0.312,
