0.364,0.258,0.345,0.342,0.339,0.350,0.332,0.394,0.387,0.323,
0.387,0.338,0.312,0.396,0.316,0.340,0.327,0.329,0.339,nan,
nan,0.258,0.290,0.397,0.350,0.331,0.306,0.340,0.329,0.350,
nan,nan,0.333,0.419,0.344,nan,nan,0.361,0.336,0.294,
0.336,nan,0.324,0.290,0.339,nan,nan,nan,0.331,0.332,
0.317,0.258,0.315,0.355,0.360,0.371,nan,nan,0.318,0.338,
0.355,0.339,0.345,0.364,0.348,0.355,0.427,nan,nan,0.355,
0.336,0.298,0.335,0.355,0.274,0.327,0.329,0.194,nan,0.339,
0.352,0.309,0.374,0.387,nan,0.306,0.323,0.367,0.258,0.306,
0.335,0.361,0.369,0.303,0.332,0.329,0.331,0.327,0.258,0.374,
