0.359,0.411,0.281,nan,nan,0.334,0.325,nan,0.344,0.375,
0.297,0.344,0.286,nan,0.312,0.367,0.356,0.312,0.438,nan,
0.350,0.344,0.562,nan,0.266,0.344,0.333,0.484,0.323,0.312,
0.389,0.229,0.312,nan,nan,nan,nan,nan,0.338,0.500,
0.531,0.375,0.344,nan,nan,nan,0.326,0.406,0.375,0.354,
0.309,0.317,0.266,nan,0.396,0.298,0.292,nan,0.312,0.339,
0.438,0.188,0.308,0.357,0.188,0.412,0.296,0.325,0.302,0.348,
0.312,0.281,0.375,nan,nan,0.323,0.338,0.354,0.330,0.332,
0.342,0.330,nan,nan,0.312,0.297,0.339,0.414,0.388,0.318,
0.328,0.372,0.391,0.268,0.344,0.325,0.355,0.229,nan,0.292,
