0.293,0.318,0.452,nan,nan,0.316,0.374,nan,0.274,0.355,
0.379,0.403,0.318,nan,0.323,0.328,0.316,0.419,0.258,nan,
0.331,0.306,0.323,nan,0.315,0.339,0.290,0.331,0.342,0.242,
0.346,0.419,0.452,nan,nan,nan,nan,nan,0.297,0.258,
0.323,0.371,0.371,nan,nan,nan,0.326,0.371,0.339,0.280,
0.323,0.353,0.327,nan,0.323,0.359,0.351,nan,0.452,0.329,
0.452,0.355,0.340,0.341,0.355,0.297,0.346,0.361,0.360,0.323,
0.270,0.242,0.323,nan,nan,0.339,0.319,0.332,0.299,0.333,
0.332,0.321,nan,nan,0.387,0.358,0.336,0.282,0.374,0.363,
0.325,0.315,0.282,0.399,0.329,0.339,0.322,0.323,nan,0.403,
