0.352,0.341,0.250,0.309,0.417,nan,0.337,0.286,0.479,0.250,
0.338,0.250,0.188,0.335,0.469,0.375,0.317,0.339,nan,nan,
0.333,0.365,0.203,0.422,0.241,0.294,0.312,0.312,0.385,0.349,
0.349,0.321,0.325,0.306,0.250,0.361,0.391,nan,0.458,0.367,
0.325,0.335,0.362,0.382,0.417,0.339,nan,0.250,0.312,0.388,
0.326,0.316,0.335,0.314,0.370,0.326,0.375,nan,nan,0.328,
0.328,0.240,0.333,0.272,0.336,0.348,0.375,0.438,nan,nan,
0.344,0.188,0.375,0.362,0.344,0.332,nan,nan,nan,0.438,
0.292,0.315,0.328,0.312,0.333,0.278,0.219,nan,nan,nan,
0.438,0.281,0.323,0.321,0.338,0.328,0.333,nan,nan,0.359,
