0.346,0.317,0.315,0.348,0.329,0.532,nan,0.351,0.334,0.311,
0.435,nan,0.323,0.360,0.323,0.306,0.342,0.387,0.341,0.290,
0.313,0.313,0.323,nan,0.339,nan,nan,nan,0.419,0.177,
0.323,0.226,nan,nan,nan,nan,nan,nan,nan,0.355,
0.319,0.309,0.331,0.129,nan,nan,nan,0.290,0.315,0.339,
0.337,0.355,0.333,0.335,0.258,0.355,0.314,0.371,0.361,0.342,
0.226,nan,0.344,0.350,0.323,0.342,0.332,0.337,0.323,0.330,
0.366,0.194,nan,0.369,nan,0.194,0.357,0.323,0.325,0.333,
0.317,0.323,0.323,0.300,nan,0.339,0.334,0.323,0.339,0.336,
0.320,0.319,0.435,0.338,0.344,0.347,0.290,0.340,0.336,0.341,
