87.720,68.182,132.750,86.000,99.600,105.000,nan,95.471,139.395,106.500,
24.000,nan,42.600,58.500,0.000,159.000,162.000,0.000,103.962,0.000,
102.600,60.000,36.000,nan,75.000,nan,nan,nan,64.000,0.000,
76.000,0.000,nan,nan,nan,nan,nan,nan,nan,107.000,
89.583,97.731,82.500,0.000,nan,nan,nan,105.750,3.000,69.333,
161.550,0.000,87.750,173.250,0.000,165.000,135.273,87.600,84.800,109.600,
231.000,nan,80.500,114.857,179.250,118.615,92.917,81.833,39.000,152.333,
101.000,0.000,nan,86.143,nan,333.000,105.938,103.312,118.750,33.231,
137.333,81.273,120.000,8.571,nan,357.000,141.927,109.250,47.250,137.727,
98.250,179.778,60.000,123.391,84.000,30.000,225.000,40.579,100.286,128.571,
