0.303,0.339,0.287,0.364,0.318,0.313,0.333,0.312,0.349,0.371,
0.283,0.381,nan,0.378,0.337,0.269,0.387,0.371,0.328,0.323,
0.345,0.367,0.382,0.339,0.345,0.315,0.348,0.329,0.343,0.242,
0.310,0.332,0.328,0.323,0.337,0.097,0.361,0.330,0.376,0.346,
0.371,0.274,0.285,0.337,0.274,0.344,0.361,0.357,0.362,0.352,
0.333,nan,nan,nan,nan,0.129,0.349,0.358,0.320,0.334,
0.358,0.387,nan,nan,nan,nan,0.347,0.355,0.310,0.355,
0.342,0.323,nan,nan,nan,nan,0.323,0.379,0.258,0.315,
0.368,nan,nan,nan,0.387,0.307,0.355,0.344,0.349,0.400,
0.303,0.355,0.339,0.340,0.323,nan,nan,0.320,0.347,0.280,
