0.367,0.252,0.306,0.313,0.323,0.315,0.342,0.406,0.350,0.387,
0.338,0.403,nan,0.347,0.334,0.337,0.339,0.258,0.337,0.353,
0.331,0.337,0.258,0.330,0.343,0.347,0.355,0.346,0.342,0.305,
0.337,0.387,0.371,0.336,0.329,0.387,nan,0.333,0.384,0.328,
0.312,0.290,0.333,0.387,0.331,0.331,0.290,0.298,0.337,0.329,
0.280,nan,nan,nan,nan,0.371,0.376,0.355,0.340,0.355,
0.306,nan,nan,nan,nan,0.339,0.290,0.387,0.355,0.290,
0.307,0.355,nan,nan,nan,0.350,0.333,0.366,nan,0.387,
0.359,nan,0.452,nan,0.280,0.356,0.307,0.258,0.407,0.387,
0.347,0.290,0.398,0.290,0.312,0.326,0.313,0.352,0.311,0.318,
