0.308,0.325,0.271,0.305,0.312,0.325,0.302,0.339,0.346,0.250,
0.301,0.500,0.406,0.336,0.334,0.346,0.406,0.312,0.335,0.328,
0.332,0.325,0.500,0.278,0.333,0.281,0.469,0.417,0.315,0.348,
0.312,0.306,0.352,0.290,0.340,0.271,0.344,0.301,0.300,0.333,
0.250,0.125,0.339,0.290,0.312,0.375,0.384,0.354,0.312,0.335,
0.125,nan,0.562,0.354,nan,0.375,0.250,0.284,0.341,0.301,
0.250,nan,nan,nan,0.375,nan,nan,0.271,0.393,0.325,
0.351,0.250,nan,0.469,0.344,0.312,0.341,nan,0.562,0.125,
0.304,0.375,nan,nan,0.352,0.329,0.312,nan,0.375,0.375,
0.266,0.307,0.333,0.375,0.458,0.316,0.335,0.363,0.326,0.346,
