0.300,0.381,0.347,0.341,0.312,nan,0.312,0.297,0.357,0.338,
0.292,0.312,0.250,0.125,nan,0.359,nan,0.312,0.361,0.438,
0.335,0.338,nan,nan,nan,0.331,0.406,nan,0.352,nan,
0.312,0.312,nan,nan,nan,nan,nan,nan,nan,0.333,
0.385,0.542,0.292,0.312,nan,nan,0.340,0.188,0.344,0.328,
0.354,0.305,0.361,0.344,0.312,0.362,0.361,0.335,0.438,0.333,
0.469,0.375,0.354,0.326,0.369,0.357,0.227,0.375,0.406,0.348,
0.268,0.297,nan,0.344,0.338,0.303,0.317,0.424,0.352,nan,
0.320,0.319,0.375,0.344,0.219,0.364,0.332,0.324,0.292,0.330,
0.315,0.326,0.328,0.299,0.260,0.338,0.340,0.312,0.367,0.298,
