nan,nan,nan,0.312,0.326,0.531,0.287,nan,0.312,0.271,
0.219,0.312,0.375,nan,0.309,0.333,0.420,0.309,0.350,0.398,
0.287,0.333,0.385,0.438,nan,0.500,0.375,0.300,0.306,0.310,
0.302,0.305,0.329,0.327,nan,nan,nan,0.351,0.350,0.321,
0.342,0.368,0.342,0.352,0.375,0.250,nan,0.250,0.340,0.359,
0.311,0.348,0.340,0.306,0.344,0.354,0.250,nan,0.062,0.343,
0.295,0.352,0.332,0.358,0.268,0.308,0.188,nan,nan,0.250,
0.344,0.269,0.329,0.312,0.289,0.356,0.312,nan,nan,nan,
nan,0.328,0.271,0.375,0.375,0.285,0.250,nan,0.250,nan,
nan,0.438,nan,0.287,0.335,0.352,0.362,nan,0.391,nan,
