nan,115.667,0.000,125.000,86.520,144.000,100.818,29.250,136.125,101.769,
nan,94.636,42.000,144.133,51.000,nan,156.000,108.333,91.714,79.500,
0.000,92.000,201.000,149.344,166.286,nan,103.200,135.000,199.000,0.000,
60.000,75.667,67.737,87.900,106.222,0.000,182.000,132.353,98.053,123.000,
122.182,nan,145.800,114.545,30.000,207.000,nan,nan,134.400,116.526,
194.571,8.000,154.800,66.857,0.000,nan,nan,nan,nan,148.080,
58.500,107.222,88.909,50.000,nan,nan,nan,nan,nan,nan,
nan,nan,117.000,123.429,135.000,85.125,0.000,nan,nan,nan,
nan,231.000,120.545,24.000,140.143,169.200,112.050,116.500,119.250,0.000,
nan,0.000,58.286,142.800,102.000,127.333,89.233,105.167,86.667,0.000,
