0.402,0.328,nan,0.406,0.333,0.344,0.320,0.335,0.341,0.292,
0.333,0.250,0.333,0.285,0.357,0.188,0.312,0.336,0.365,0.321,
0.281,0.312,0.361,0.326,0.288,nan,0.344,0.302,0.370,0.375,
0.306,0.396,0.298,0.326,0.325,0.278,0.383,0.285,0.370,0.315,
0.333,0.362,0.312,0.381,0.500,0.312,0.250,0.344,0.372,0.345,
0.324,0.389,0.260,nan,nan,nan,nan,0.375,0.250,0.333,
nan,0.306,0.362,0.438,nan,nan,nan,nan,nan,0.330,
0.312,0.332,0.479,0.307,0.369,nan,0.312,nan,nan,nan,
0.328,0.304,0.250,0.271,0.375,nan,0.283,0.294,0.438,nan,
0.344,0.336,0.359,0.384,0.375,0.331,0.318,0.337,0.284,0.125,
