0.375,0.369,0.271,0.250,nan,0.367,0.318,0.343,0.307,0.562,
nan,0.422,0.375,0.188,0.359,0.332,0.354,0.361,0.320,0.312,
nan,nan,0.324,0.312,0.369,0.337,0.310,0.203,nan,nan,
nan,nan,0.188,0.328,0.299,0.351,0.300,nan,nan,nan,
nan,0.328,0.292,0.382,0.304,0.458,0.351,0.344,0.375,nan,
0.281,0.349,0.396,0.355,0.366,nan,0.312,0.339,0.357,0.188,
0.332,0.305,0.400,0.312,0.312,0.219,0.338,0.319,0.351,0.375,
0.385,0.328,0.250,nan,0.312,0.375,0.353,0.391,0.354,0.375,
0.286,0.354,0.358,0.300,nan,nan,0.300,0.348,0.250,0.318,
0.438,0.422,0.371,0.289,0.375,0.339,0.359,0.297,nan,0.375,
