0.188,nan,nan,nan,0.250,0.312,0.388,0.350,0.396,0.258,
0.688,nan,0.277,0.357,0.283,0.338,0.320,0.333,0.348,0.382,
nan,nan,nan,nan,0.307,0.334,0.359,nan,0.438,0.375,
nan,0.438,0.333,0.348,0.393,0.338,0.375,0.438,0.250,0.688,
0.396,0.312,0.354,0.347,0.333,0.375,0.322,0.312,nan,nan,
0.297,0.402,0.417,0.301,0.438,0.327,0.335,0.337,0.310,0.406,
0.318,0.316,0.333,0.332,0.438,0.266,0.355,0.343,0.339,0.312,
0.229,0.250,nan,0.375,nan,nan,0.319,0.312,0.331,0.281,
0.250,nan,0.500,nan,nan,0.438,0.167,0.354,0.367,0.344,
0.320,nan,nan,nan,0.365,0.438,nan,0.319,0.354,nan,
