0.344,0.250,0.359,0.357,0.417,0.337,0.311,0.250,0.325,0.292,
0.188,0.335,0.295,0.292,0.300,0.285,0.306,0.438,0.479,nan,
0.312,0.375,nan,0.330,0.337,0.312,0.328,0.330,0.318,0.299,
0.688,nan,0.562,nan,0.283,nan,nan,0.271,0.354,0.359,
0.203,nan,0.400,nan,0.000,0.438,nan,nan,nan,0.309,
0.317,nan,0.219,0.375,0.312,0.393,nan,nan,0.312,0.307,
0.396,0.312,0.328,0.341,0.312,0.352,0.391,nan,nan,0.359,
0.328,0.375,0.312,0.271,0.500,0.335,0.275,nan,0.562,0.375,
0.352,0.309,0.344,0.300,0.375,0.365,0.250,0.417,0.312,0.371,
0.320,0.367,0.339,0.334,0.344,0.338,0.358,0.300,0.323,0.286,
