0.323,0.358,0.347,0.312,0.562,0.302,0.375,0.188,0.327,0.324,
0.250,0.292,0.250,nan,nan,0.319,0.625,nan,0.250,0.375,
0.321,0.357,0.250,nan,nan,0.312,0.250,0.312,0.326,nan,
0.438,nan,nan,nan,nan,nan,0.275,nan,nan,nan,
0.234,0.292,0.328,0.625,nan,0.250,0.341,nan,0.281,0.375,
0.229,0.321,0.303,0.375,0.275,0.292,0.229,0.344,0.312,0.371,
0.344,nan,0.289,0.125,0.305,0.312,0.364,0.406,0.379,0.289,
0.317,0.500,nan,nan,0.375,0.324,0.329,0.312,0.319,0.438,
0.342,0.256,0.438,nan,0.420,0.331,0.321,0.340,0.328,0.323,
0.308,0.318,0.342,0.266,0.188,0.332,0.372,0.375,0.365,0.309,
