0.297,0.344,0.342,0.250,0.406,0.305,0.341,0.341,0.312,0.312,
nan,nan,0.229,0.339,0.375,0.229,0.354,0.312,0.375,nan,
nan,nan,nan,0.371,0.344,0.315,0.333,0.375,0.323,0.352,
0.344,nan,nan,0.250,0.375,0.438,0.318,0.331,0.324,0.375,
0.344,nan,0.438,0.316,0.366,0.353,0.297,0.325,0.333,0.287,
0.312,0.336,0.250,0.219,0.354,0.406,0.438,nan,0.277,0.382,
0.315,0.361,nan,nan,nan,nan,0.375,0.370,0.375,0.219,
0.339,0.349,0.352,nan,0.375,0.402,0.304,0.308,0.328,0.338,
0.307,0.268,nan,nan,0.188,0.344,0.312,0.279,0.325,0.320,
0.298,0.348,0.333,nan,nan,0.438,0.312,0.391,0.343,0.328,
