0.281,0.344,nan,0.375,0.365,0.312,0.362,0.389,0.336,0.336,
0.281,0.354,0.391,0.356,0.393,0.250,0.354,0.379,0.336,0.338,
0.400,0.292,0.188,0.327,0.188,nan,0.341,0.415,0.350,0.292,
0.401,0.266,0.375,0.331,0.354,nan,0.299,0.322,0.364,0.389,
0.310,0.400,0.297,0.366,0.250,nan,nan,nan,0.350,0.339,
0.324,0.312,0.400,0.297,0.375,0.406,nan,nan,0.328,0.326,
0.438,0.337,0.328,nan,0.312,nan,nan,nan,nan,nan,
nan,0.500,0.344,0.277,0.333,0.359,nan,0.500,nan,nan,
nan,0.312,0.345,0.375,0.396,0.321,0.380,0.385,0.275,0.344,
nan,nan,0.323,0.322,0.344,0.396,0.284,0.259,0.333,0.344,
