0.349,0.250,0.438,0.309,0.365,0.312,nan,0.250,0.312,0.352,
0.219,nan,0.188,0.375,0.125,0.333,0.500,0.438,0.341,0.241,
0.268,0.391,0.219,nan,0.277,0.295,nan,nan,0.250,0.286,
0.349,0.406,nan,nan,0.417,0.406,nan,0.250,nan,0.562,
0.326,0.344,0.156,0.333,0.292,0.362,0.125,0.312,nan,0.232,
0.344,nan,0.326,0.338,0.062,0.302,0.333,0.327,0.349,0.359,
nan,0.250,0.297,0.322,0.375,0.319,0.381,0.320,0.333,0.273,
0.312,0.208,0.312,0.396,0.375,nan,0.326,0.336,0.295,0.344,
0.338,0.328,0.479,0.375,nan,0.333,0.325,0.438,0.312,0.341,
0.297,0.278,0.384,0.352,nan,0.281,0.412,0.336,0.292,0.304,
