0.325,0.264,0.322,0.321,0.298,0.316,0.301,0.338,0.388,nan,
nan,nan,0.328,0.323,0.356,0.370,0.281,0.312,0.325,0.406,
0.357,nan,0.375,0.354,0.301,0.328,0.278,0.366,0.300,0.375,
0.250,nan,0.438,nan,0.375,nan,nan,0.301,0.299,0.321,
0.281,0.312,0.328,0.406,0.391,0.297,nan,nan,0.281,0.312,
0.312,0.312,0.375,0.327,0.320,0.388,0.250,nan,0.367,0.188,
0.156,0.330,0.340,0.355,0.336,0.275,0.250,nan,0.361,0.125,
0.322,0.396,0.271,0.500,0.328,0.562,0.366,0.361,nan,0.333,
0.200,0.302,0.281,0.438,0.391,0.344,0.274,0.344,0.438,0.281,
0.341,0.094,0.420,0.266,0.365,0.345,0.344,0.403,0.354,0.375,
