0.219,0.308,0.317,0.320,0.302,0.335,0.375,0.385,0.315,0.500,
0.219,0.438,0.322,0.301,0.332,0.375,0.271,0.250,0.295,nan,
0.224,nan,0.306,0.324,0.357,0.281,0.271,0.324,0.312,0.356,
0.375,nan,nan,nan,0.188,0.188,0.125,0.375,0.296,0.332,
0.319,nan,0.312,nan,nan,0.229,nan,0.203,0.312,0.312,
0.375,0.250,0.438,0.402,0.303,0.312,nan,0.281,0.312,0.273,
0.188,0.321,0.357,0.351,0.300,0.357,nan,0.375,0.375,0.344,
0.310,0.458,0.412,0.333,0.312,0.469,0.350,0.385,nan,0.344,
0.366,0.312,0.391,0.281,nan,0.312,0.348,0.338,0.188,0.297,
0.286,nan,0.438,0.299,0.359,0.375,0.297,0.324,0.417,0.344,
