0.341,0.379,nan,0.328,0.317,0.312,0.316,0.355,0.359,0.355,
0.258,0.258,0.355,0.365,0.304,0.323,0.331,0.336,0.317,0.320,
0.435,0.371,0.273,0.335,0.344,nan,0.365,0.344,0.355,0.274,
0.330,0.328,0.390,0.325,0.352,0.376,0.325,0.348,0.352,0.328,
0.348,0.335,0.358,0.349,0.323,0.258,0.548,0.339,0.311,0.321,
0.370,0.312,0.333,nan,nan,nan,nan,0.355,0.355,0.317,
nan,0.321,0.306,0.318,nan,nan,nan,nan,nan,0.355,
0.348,0.323,0.290,0.332,0.345,nan,0.323,nan,nan,nan,
0.355,0.313,0.387,0.355,0.323,nan,0.335,0.324,0.258,nan,
0.323,0.351,0.306,0.311,0.323,0.339,0.312,0.331,0.370,0.419,
