0.375,0.438,0.333,0.347,0.375,0.342,0.348,0.212,0.338,0.250,
0.250,0.335,0.338,0.348,0.325,0.307,0.297,0.338,0.359,nan,
nan,0.375,0.375,0.303,0.303,0.317,0.438,0.333,0.358,0.259,
nan,nan,0.396,0.438,0.271,nan,nan,0.318,0.293,0.375,
0.357,nan,0.342,0.500,0.219,nan,nan,nan,0.328,0.331,
0.375,0.312,0.219,0.344,0.375,0.250,nan,nan,0.357,0.342,
0.312,0.281,0.331,0.316,0.278,0.337,0.281,nan,nan,0.312,
0.348,0.234,0.338,0.417,0.375,0.312,0.296,0.312,nan,0.323,
0.400,0.348,0.338,0.281,nan,0.312,0.344,0.375,0.500,0.422,
0.308,0.350,0.330,0.319,0.342,0.354,0.365,0.348,0.406,0.307,
