0.336,0.327,0.310,0.345,0.290,0.290,0.323,0.351,0.329,0.360,
0.330,0.290,0.387,0.333,0.343,0.347,nan,0.371,0.332,0.194,
0.334,0.344,0.323,0.317,0.349,0.351,0.387,0.329,0.323,0.281,
0.313,0.306,0.326,0.327,0.242,0.355,0.333,0.320,0.332,0.379,
0.333,0.355,0.344,0.318,0.296,0.290,0.327,0.355,0.366,0.351,
0.290,nan,0.355,0.387,nan,nan,0.342,0.323,0.333,0.327,
0.336,0.366,nan,nan,nan,nan,nan,0.290,0.315,0.371,
0.334,0.318,0.355,nan,nan,nan,0.306,0.344,0.312,0.331,
0.283,0.387,nan,0.323,0.335,0.350,0.336,0.258,0.343,0.258,
0.290,0.403,0.290,0.387,nan,0.484,0.265,0.333,0.334,0.320,
