0.305,0.361,nan,0.375,0.302,0.425,0.338,0.342,0.349,0.295,
0.281,0.344,0.281,0.388,0.250,nan,0.348,0.316,0.322,0.301,
0.500,0.500,0.362,0.316,0.299,0.438,nan,0.367,0.307,0.312,
0.381,nan,0.370,0.296,0.370,0.263,0.250,0.365,0.340,0.359,
0.306,0.281,0.208,0.351,0.312,nan,0.281,0.327,0.332,0.300,
0.321,0.300,0.396,0.406,nan,nan,nan,0.531,0.500,0.316,
0.375,0.321,0.344,0.273,0.344,nan,nan,nan,nan,0.385,
0.287,0.339,0.260,0.340,0.500,nan,0.417,nan,nan,0.281,
0.375,0.362,0.250,0.375,nan,0.062,0.332,0.330,0.406,0.125,
0.297,0.344,0.250,0.333,nan,0.344,0.341,0.306,0.312,0.286,
