nan,nan,nan,nan,0.219,0.333,0.353,0.332,0.357,0.312,
0.500,0.312,0.344,0.271,0.308,0.344,0.271,0.325,0.370,0.281,
nan,nan,nan,nan,0.328,0.321,0.219,0.250,0.188,0.312,
nan,nan,0.336,0.375,0.396,0.295,0.406,nan,0.250,nan,
0.312,0.328,0.299,0.338,0.297,0.229,0.330,0.302,0.394,0.188,
0.307,0.328,0.479,0.339,0.312,0.312,0.409,0.366,0.261,0.208,
0.278,0.305,0.375,0.318,0.438,0.359,0.339,0.330,0.335,0.327,
0.354,0.250,nan,nan,0.438,0.388,0.340,0.355,0.319,0.362,
nan,0.375,0.300,nan,nan,nan,0.438,0.500,0.333,0.375,
0.438,0.375,0.062,nan,0.271,0.333,0.359,0.292,0.340,0.287,
