0.327,0.338,0.350,0.317,0.307,0.375,0.330,0.388,0.366,0.322,
0.326,0.330,0.344,0.291,0.336,0.328,0.188,0.338,0.263,0.350,
0.333,0.250,0.343,0.322,0.368,0.292,nan,0.333,0.312,0.333,
0.366,0.250,0.316,0.370,0.326,0.281,nan,0.350,0.188,0.357,
0.250,nan,0.250,0.375,0.281,0.406,0.250,0.350,0.364,0.370,
0.344,0.300,0.344,0.333,nan,nan,0.062,0.427,0.312,0.335,
nan,0.188,0.284,nan,nan,0.438,nan,nan,nan,0.344,
0.250,0.281,0.237,nan,0.250,0.286,0.375,0.688,nan,0.438,
0.306,0.318,0.312,nan,nan,0.354,0.312,0.273,0.312,0.325,
0.325,0.365,0.438,0.304,0.417,0.385,0.352,0.196,0.301,0.304,
