0.331,0.383,0.362,0.341,0.271,0.438,0.275,0.354,0.368,nan,
0.364,0.438,0.281,0.344,0.308,0.312,0.312,0.375,0.375,0.277,
0.326,0.308,0.312,0.329,0.286,0.384,0.359,0.337,0.341,0.347,
0.358,nan,0.314,0.325,0.375,0.344,0.324,0.336,0.344,0.369,
0.263,0.425,0.380,0.317,0.359,0.306,0.338,0.339,0.333,0.375,
0.188,nan,nan,0.250,nan,0.250,0.229,0.355,0.333,0.303,
0.300,0.500,nan,nan,nan,nan,0.250,nan,0.266,0.306,
0.318,0.319,nan,nan,nan,0.312,0.312,0.400,0.354,0.342,
0.312,nan,nan,nan,0.359,0.337,0.359,0.281,0.353,0.292,
0.381,0.438,0.500,0.299,0.188,0.438,0.333,0.328,0.347,0.417,
