nan,0.354,0.250,0.188,0.125,0.285,0.353,0.326,0.306,0.312,
nan,0.250,0.300,0.396,0.330,0.335,0.317,0.314,0.350,0.321,
nan,nan,0.312,0.312,0.307,0.312,0.302,0.453,nan,nan,
nan,nan,0.295,nan,0.365,0.299,0.344,nan,0.281,nan,
nan,nan,0.438,0.311,0.312,nan,0.323,nan,0.062,nan,
0.396,0.318,nan,0.322,0.344,0.250,0.298,0.344,0.366,nan,
0.298,0.336,0.125,0.354,0.344,0.500,0.326,0.363,0.328,0.354,
nan,0.375,nan,0.250,nan,nan,0.324,0.366,0.341,0.406,
0.250,nan,0.469,0.312,0.250,0.338,0.375,0.328,0.312,0.349,
0.396,0.266,nan,0.268,0.375,0.389,0.263,0.312,0.438,0.281,
