nan,117.500,89.667,52.750,74.357,78.581,118.263,146.471,130.800,117.400,
0.000,0.000,84.667,87.000,101.710,137.250,54.250,122.182,143.308,0.000,
nan,nan,80.400,21.750,116.000,100.091,75.000,132.375,24.000,nan,
nan,nan,0.000,8.000,151.154,151.440,96.000,nan,nan,nan,
nan,nan,146.400,90.214,154.500,113.400,190.000,nan,0.000,125.250,
nan,nan,nan,123.600,162.000,24.000,0.000,27.000,221.250,nan,
182.000,146.333,53.400,nan,nan,71.250,78.387,130.895,135.000,0.000,
68.100,152.143,84.375,125.471,105.000,138.273,74.842,88.814,114.750,0.000,
117.000,49.286,127.600,18.000,nan,0.000,0.000,107.800,76.976,115.000,
2.250,80.700,79.886,146.750,18.000,39.750,139.235,26.400,nan,306.000,
