0.305,0.325,0.311,0.287,0.379,0.335,0.375,0.318,0.347,0.301,
0.438,0.250,0.346,0.361,0.309,0.306,0.266,0.375,0.349,0.250,
0.319,0.328,0.312,0.328,0.333,0.321,0.312,0.344,0.336,0.277,
0.327,0.250,0.304,nan,0.438,nan,0.388,0.397,0.312,0.375,
0.344,nan,0.375,0.250,nan,0.438,0.309,0.430,0.305,0.484,
0.312,0.294,0.337,0.325,0.365,0.277,0.354,0.281,0.359,0.271,
0.271,0.312,0.324,0.339,0.366,0.344,0.354,0.438,0.344,nan,
nan,0.287,0.331,0.250,nan,nan,0.327,0.396,nan,nan,
0.281,0.406,0.364,0.312,0.297,0.362,0.338,0.312,0.328,nan,
0.254,0.375,0.312,0.341,0.391,0.318,0.375,0.250,0.279,0.297,
