0.294,0.438,0.290,0.397,0.292,0.263,0.306,0.353,0.318,0.323,
0.271,0.375,0.297,0.310,0.338,0.312,nan,0.375,0.344,0.292,
0.315,0.250,0.275,0.326,0.357,0.312,nan,0.328,0.375,0.188,
0.301,0.469,0.352,0.367,0.375,0.281,0.352,0.365,0.312,0.375,
0.266,0.287,0.266,0.400,0.312,0.281,0.352,0.321,0.355,0.323,
0.263,0.188,0.359,0.344,nan,nan,0.361,0.362,0.307,0.348,
0.345,0.318,0.312,nan,nan,nan,nan,0.438,0.406,0.260,
0.341,0.317,0.391,nan,0.250,0.438,nan,0.297,0.333,0.385,
0.344,0.281,nan,0.438,0.326,0.329,0.339,0.312,0.345,0.275,
0.273,nan,0.365,0.312,0.312,0.219,0.318,0.306,0.275,0.309,
