0.340,0.330,nan,0.312,0.469,0.281,0.341,0.301,0.500,0.266,
0.312,0.375,0.425,0.375,0.312,0.342,0.360,0.308,0.250,0.438,
0.347,0.271,0.430,0.250,0.188,0.323,0.349,0.406,0.403,0.295,
0.323,0.332,0.352,0.338,0.375,0.359,0.325,nan,0.342,0.388,
0.335,0.368,0.342,0.295,0.375,0.396,nan,nan,nan,0.396,
0.340,0.355,0.332,0.317,0.356,0.366,0.438,nan,nan,0.339,
0.326,0.281,0.362,0.309,0.292,0.369,0.344,nan,0.500,0.424,
nan,0.250,nan,0.319,0.339,0.329,0.300,nan,nan,nan,
0.281,0.325,0.371,0.297,0.319,0.429,0.354,nan,nan,nan,
0.357,0.250,0.365,0.348,0.329,0.349,0.250,0.312,nan,0.325,
