0.438,0.438,0.265,0.344,0.250,0.306,0.322,0.312,0.375,0.358,
0.188,0.229,0.312,0.274,0.271,0.219,0.375,0.339,0.285,0.250,
nan,nan,0.375,0.338,0.259,0.354,0.359,0.348,0.297,nan,
nan,nan,0.250,0.281,0.438,0.422,0.300,0.391,0.353,0.203,
0.259,0.438,nan,0.375,0.354,0.332,0.297,0.354,0.325,0.329,
0.300,0.311,0.350,0.292,0.328,0.357,0.312,0.396,0.341,0.352,
0.309,0.312,0.333,0.250,0.219,0.281,0.396,0.335,0.344,0.312,
0.342,0.240,0.339,0.688,0.304,0.369,0.348,0.332,0.301,0.332,
0.318,0.338,0.500,nan,nan,0.125,0.562,0.297,0.312,0.325,
0.299,0.312,0.281,0.375,nan,nan,0.354,0.237,0.338,0.316,
