0.301,0.305,0.341,0.312,0.338,0.354,0.312,0.328,0.330,0.325,
nan,0.375,0.388,nan,nan,0.305,0.312,nan,0.344,0.125,
0.378,0.341,nan,nan,nan,0.328,0.277,0.250,0.292,nan,
0.250,nan,nan,nan,nan,nan,0.375,nan,0.438,0.312,
0.324,0.312,0.333,nan,nan,nan,0.325,0.375,0.323,0.345,
0.370,0.375,0.324,0.406,0.208,0.312,0.500,0.352,0.250,0.335,
0.333,0.125,0.338,0.366,0.355,0.375,0.326,0.344,0.277,0.344,
0.327,nan,0.406,0.250,0.438,0.325,0.329,0.349,0.349,0.359,
0.315,0.339,0.350,0.625,0.271,0.344,0.323,0.344,0.375,0.315,
0.346,0.353,0.272,0.392,0.219,0.384,0.278,0.350,0.304,0.315,
