nan,0.375,nan,nan,0.281,nan,0.292,0.307,nan,nan,
nan,0.375,0.350,0.312,0.479,0.315,0.188,0.292,0.323,0.250,
0.320,0.402,0.293,0.271,0.406,0.332,nan,0.250,0.352,0.312,
0.341,0.337,0.350,0.312,nan,nan,nan,0.333,0.329,0.322,
0.334,0.353,0.344,0.388,0.438,0.312,nan,nan,0.250,0.264,
0.314,0.325,0.349,0.317,0.366,0.287,nan,nan,nan,0.329,
0.375,0.562,0.229,0.287,0.396,0.344,0.312,nan,nan,0.225,
0.275,0.274,0.294,0.264,0.396,0.344,0.354,0.250,nan,0.388,
nan,0.325,0.283,0.325,0.344,0.312,0.344,nan,nan,nan,
0.271,0.438,0.062,0.354,0.336,0.412,0.339,nan,nan,nan,
