0.350,0.344,0.338,0.322,0.339,0.381,0.344,0.312,0.295,0.375,
0.382,0.412,nan,0.290,0.312,0.396,0.250,0.312,0.310,0.375,
0.308,0.319,0.344,0.325,0.312,0.340,0.326,0.305,0.312,0.438,
0.316,0.304,0.369,0.297,0.312,0.250,0.278,0.341,0.354,0.362,
0.344,0.406,0.333,0.324,0.344,0.354,0.350,0.312,0.278,0.345,
0.391,nan,nan,nan,nan,0.438,0.347,0.367,0.372,0.357,
0.312,0.375,nan,nan,nan,nan,0.359,0.375,0.381,0.328,
0.335,0.354,nan,nan,nan,nan,0.318,0.328,0.125,0.312,
0.303,nan,nan,nan,0.406,0.336,0.292,0.312,0.329,0.287,
0.370,0.188,0.188,0.369,0.312,nan,nan,0.343,0.328,0.396,
