0.342,0.292,0.361,0.297,0.438,0.303,0.318,0.355,0.291,0.359,
0.292,nan,0.323,0.354,0.369,0.355,0.339,0.352,0.320,0.312,
nan,nan,0.469,0.326,0.375,0.310,0.323,0.344,0.271,nan,
nan,nan,0.250,0.323,0.188,0.362,nan,0.287,0.297,0.125,
0.188,nan,0.266,0.324,0.312,0.250,0.281,0.357,nan,0.188,
0.344,0.347,0.326,0.339,0.312,0.312,0.448,0.333,0.370,0.312,
0.297,0.269,0.283,nan,nan,0.396,0.250,0.342,0.327,0.357,
0.303,0.328,0.259,0.375,0.325,0.500,0.341,0.334,0.339,0.369,
0.344,0.250,nan,nan,nan,nan,0.396,0.278,0.307,0.274,
0.350,0.356,0.325,0.312,nan,0.344,0.365,0.312,0.339,0.317,
