nan,0.281,nan,nan,0.344,0.250,nan,0.344,nan,nan,
nan,0.219,0.344,0.344,0.500,0.346,0.325,0.393,0.295,nan,
0.357,0.309,0.339,0.356,nan,0.361,0.375,0.320,0.360,0.263,
0.340,0.338,0.334,0.357,nan,nan,0.469,0.271,0.327,0.354,
0.335,0.326,0.321,0.281,0.344,0.688,nan,nan,nan,0.406,
0.341,0.375,0.346,0.333,0.312,0.287,0.312,nan,0.375,0.353,
0.393,0.375,0.344,0.281,0.319,0.382,0.312,nan,nan,0.402,
0.375,0.300,0.330,0.306,0.295,0.296,0.281,nan,nan,0.250,
nan,0.359,0.351,0.406,0.417,0.352,0.297,0.438,nan,nan,
0.357,0.406,0.375,0.250,0.372,0.312,0.321,0.562,nan,nan,
