0.396,0.364,0.366,0.383,0.431,0.396,0.364,0.375,0.355,0.333,
0.295,0.250,nan,0.361,0.329,0.348,0.375,0.312,0.289,0.312,
0.358,0.342,0.396,0.304,0.336,0.275,0.338,0.379,0.316,0.338,
0.333,0.396,0.334,0.394,0.383,0.250,0.375,0.336,0.358,0.335,
0.339,0.344,0.347,0.319,0.219,0.406,0.312,0.365,0.250,0.339,
0.427,nan,nan,nan,nan,0.188,0.369,0.347,0.300,0.320,
0.358,0.188,nan,nan,nan,0.312,0.450,0.188,0.438,0.300,
0.319,0.354,nan,nan,nan,0.250,0.328,0.300,nan,0.312,
0.352,0.406,0.312,nan,nan,0.357,0.330,0.391,0.358,0.469,
0.378,nan,0.359,0.328,0.344,0.375,0.312,0.357,0.358,0.322,
