0.330,0.281,0.340,0.312,0.229,0.348,0.325,0.326,0.359,0.340,
0.396,nan,0.336,0.306,0.391,nan,0.250,0.333,0.384,nan,
0.371,0.375,nan,0.329,0.328,0.362,nan,0.330,0.234,0.312,
0.351,0.350,0.304,0.344,0.438,nan,0.366,0.344,0.275,0.323,
0.417,0.250,0.375,0.310,0.344,0.354,0.332,0.382,0.348,0.365,
0.354,0.250,0.347,0.324,0.375,nan,0.422,0.438,0.356,0.324,
0.334,0.329,0.250,nan,nan,0.375,nan,0.375,0.328,0.205,
0.323,0.312,0.333,nan,0.188,0.348,0.438,0.328,0.469,0.340,
0.312,0.422,0.312,nan,0.312,0.324,0.354,0.385,0.347,0.427,
0.250,0.312,0.344,0.292,nan,0.500,0.306,0.319,0.352,0.320,
