0.338,0.325,0.281,0.325,0.326,0.422,0.344,0.500,0.301,0.351,
0.340,0.359,0.188,0.321,0.323,0.371,nan,0.312,0.328,0.295,
0.359,0.299,0.321,0.325,0.324,0.188,nan,0.375,0.276,0.500,
0.406,0.250,0.344,0.379,0.344,0.188,0.312,0.382,0.417,0.397,
0.469,nan,0.375,0.354,0.325,0.406,nan,0.360,0.330,0.420,
0.312,0.325,0.287,0.438,nan,nan,0.562,0.352,0.304,0.333,
0.438,0.312,0.350,nan,nan,nan,nan,nan,0.375,0.388,
0.325,0.328,0.391,nan,0.273,0.369,0.333,0.375,nan,nan,
0.406,0.319,0.328,nan,0.250,0.346,0.346,0.348,0.344,0.312,
0.375,0.290,0.250,0.125,0.354,0.368,0.368,0.306,0.349,0.320,
