0.375,0.294,0.323,0.331,0.258,0.367,0.346,nan,0.265,0.363,
0.327,0.242,0.352,nan,0.323,0.323,0.347,nan,0.387,nan,
0.344,nan,0.290,nan,0.325,0.331,0.327,0.315,0.340,0.290,
0.351,0.323,nan,nan,nan,0.366,nan,nan,0.277,0.280,
0.242,nan,0.348,nan,nan,0.331,0.330,0.290,nan,0.361,
0.338,0.355,0.298,0.419,0.419,0.312,0.340,0.333,0.419,0.337,
0.280,0.323,0.297,0.318,nan,0.339,0.343,0.319,0.290,0.363,
0.342,0.419,nan,0.290,0.318,0.342,0.344,0.329,0.305,0.321,
0.330,0.352,nan,0.226,nan,0.318,0.334,0.337,0.339,0.323,
0.342,0.334,0.339,0.327,0.329,0.336,0.334,0.403,nan,0.332,
