nan,0.387,nan,0.333,0.331,0.374,0.318,0.290,0.332,0.317,
0.194,0.375,0.323,0.403,0.346,0.258,0.331,0.351,0.322,0.323,
0.323,0.327,0.361,0.348,nan,nan,0.345,0.352,0.353,0.344,
0.329,0.331,0.301,0.324,0.253,nan,0.161,0.331,0.342,0.345,
0.319,0.312,0.315,0.348,nan,nan,nan,0.194,0.290,0.318,
0.332,0.351,0.373,0.329,nan,0.274,nan,nan,nan,0.330,
0.280,0.272,0.319,0.340,0.326,0.297,0.419,nan,nan,0.419,
nan,0.484,0.342,0.371,0.341,0.355,0.226,nan,nan,nan,
nan,0.300,0.330,0.344,0.258,0.350,0.298,0.355,nan,nan,
nan,0.435,0.387,0.311,0.318,0.323,0.345,0.323,0.226,0.323,
