0.354,0.305,0.312,0.352,nan,0.406,0.337,0.320,0.250,0.312,
0.312,0.312,nan,0.394,0.287,0.312,0.309,0.250,0.312,0.500,
0.257,0.340,0.338,0.354,0.312,0.272,0.312,0.375,nan,0.188,
0.342,0.329,0.353,0.343,0.299,0.339,0.281,0.250,nan,0.362,
0.335,0.414,0.562,0.297,0.229,0.345,nan,nan,0.281,0.279,
0.312,0.188,0.338,0.341,0.305,0.328,nan,nan,nan,0.281,
0.458,0.375,nan,0.267,0.318,0.324,nan,nan,nan,0.469,
0.312,0.312,0.438,0.341,0.342,0.352,nan,nan,nan,nan,
0.284,0.299,0.345,0.375,0.348,0.323,0.366,nan,nan,nan,
0.312,0.384,0.311,0.306,0.357,0.375,nan,0.312,nan,nan,
