0.333,0.350,0.258,0.226,0.323,0.355,0.286,0.344,0.299,0.317,
0.323,0.335,0.380,nan,0.226,0.323,0.323,0.323,0.310,0.374,
0.298,nan,0.290,0.323,0.309,0.361,0.301,nan,0.306,0.355,
0.297,nan,nan,0.210,0.319,0.320,nan,0.368,0.277,0.516,
0.347,0.366,0.387,0.258,0.346,0.332,0.247,0.387,0.332,0.371,
0.347,nan,0.441,nan,0.323,0.337,0.318,0.341,0.375,0.419,
0.290,0.371,0.344,0.339,0.363,0.320,0.316,0.346,0.318,0.315,
0.331,0.349,0.301,0.355,nan,nan,0.315,0.298,0.344,0.330,
0.325,0.320,0.343,0.323,0.419,0.403,0.350,0.333,0.332,0.335,
0.331,0.303,0.387,0.329,0.319,0.298,0.323,0.387,0.359,0.269,
