0.458,0.366,0.062,0.438,0.333,0.250,0.366,0.354,0.367,0.333,
0.219,0.305,0.304,nan,0.562,0.358,0.375,0.357,0.406,0.300,
0.391,nan,0.125,0.125,0.302,0.332,0.354,nan,0.312,0.250,
0.389,nan,nan,0.406,0.319,0.323,nan,0.237,0.383,0.125,
0.332,0.354,0.333,0.250,0.341,0.323,0.375,0.338,0.312,0.344,
0.250,nan,0.271,nan,0.125,0.372,0.322,0.316,0.309,0.375,
0.375,0.292,0.366,0.312,0.359,0.284,0.368,0.300,0.348,0.368,
0.307,0.365,0.312,0.188,nan,nan,0.346,0.363,0.333,0.312,
0.307,0.384,0.367,0.250,0.188,0.406,0.286,0.375,0.300,0.336,
0.327,0.334,0.354,0.388,0.347,0.397,0.312,0.375,0.321,0.359,
