0.291,0.373,0.312,0.330,0.295,0.356,0.328,0.458,0.341,0.302,
0.308,0.500,nan,0.306,0.315,0.308,0.312,nan,0.338,0.296,
0.337,0.328,0.318,0.369,0.322,0.295,nan,0.281,0.284,0.333,
0.292,0.266,0.319,0.330,0.303,0.500,0.354,0.281,0.319,0.341,
0.375,nan,0.400,0.300,0.344,0.417,0.312,0.364,0.361,0.354,
0.281,nan,0.300,0.297,nan,nan,nan,0.333,0.343,0.308,
0.438,nan,0.354,nan,0.438,nan,0.438,0.375,0.292,0.359,
0.335,0.325,0.438,0.396,0.387,0.309,0.438,0.188,nan,0.438,
0.297,0.358,0.312,nan,0.297,0.291,0.354,0.359,0.323,0.330,
0.330,0.406,0.438,0.188,0.312,0.330,0.362,0.378,0.320,0.406,
