0.328,0.332,0.323,0.359,nan,0.274,0.324,0.375,0.516,0.266,
0.290,0.387,nan,0.342,0.348,0.328,0.349,0.368,0.452,0.387,
0.373,0.324,0.335,0.290,0.274,0.353,0.323,0.387,nan,0.194,
0.324,0.314,0.337,0.315,0.313,0.333,0.298,0.452,nan,0.323,
0.324,0.323,0.258,0.363,0.339,0.304,nan,nan,0.258,0.331,
0.361,0.430,0.350,0.336,0.315,0.341,nan,nan,nan,0.306,
0.237,0.339,nan,0.287,0.346,0.317,nan,nan,nan,0.274,
0.290,0.387,0.258,0.331,0.327,0.326,nan,nan,nan,nan,
0.346,0.365,0.320,0.317,0.353,0.359,0.330,nan,nan,nan,
0.339,0.318,0.362,0.342,0.343,0.339,nan,0.355,nan,nan,
