0.419,0.323,0.333,0.333,0.357,0.341,0.366,0.333,0.334,0.387,
0.371,0.323,0.338,0.343,0.314,0.355,0.355,0.323,0.350,nan,
0.333,nan,0.310,0.317,0.342,0.329,0.290,0.328,0.338,0.316,
0.323,nan,nan,nan,0.387,0.355,0.355,0.299,0.370,0.317,
0.342,nan,0.242,nan,nan,0.409,nan,0.371,0.339,0.332,
0.419,0.371,0.323,0.295,0.370,0.338,nan,0.419,0.364,0.347,
0.161,0.341,0.312,0.311,0.338,0.309,nan,0.387,0.320,0.274,
0.301,0.269,0.329,0.301,0.339,0.323,0.310,0.339,nan,0.327,
0.346,0.355,0.331,0.371,nan,0.323,0.327,0.310,0.290,0.286,
0.355,nan,0.280,0.319,0.306,0.284,0.331,0.355,0.409,0.339,
