0.259,0.375,0.367,0.300,0.357,0.385,0.359,0.268,0.348,0.325,
0.312,0.229,0.362,0.359,0.339,0.255,0.250,0.321,0.367,0.422,
0.271,0.375,0.334,0.250,nan,0.319,0.266,0.332,0.349,0.259,
0.342,0.271,0.348,nan,nan,0.250,0.344,0.330,0.312,nan,
0.333,0.333,0.312,0.469,0.406,0.344,0.339,0.337,0.379,0.438,
0.333,0.353,0.292,0.392,0.323,0.323,0.344,0.292,0.361,0.325,
0.417,0.305,0.347,0.438,0.250,0.271,0.327,0.250,0.219,nan,
0.312,0.381,0.352,nan,0.000,0.438,0.312,0.354,nan,nan,
0.188,0.319,0.338,0.359,nan,0.375,0.340,0.368,0.375,0.312,
0.385,0.396,0.312,0.312,0.276,0.341,0.562,nan,0.352,0.250,
