0.219,0.375,0.284,0.318,0.312,0.305,0.348,0.375,0.385,0.062,
0.289,0.281,0.312,0.438,0.188,0.362,0.156,0.312,0.354,nan,
0.420,0.312,0.312,0.375,0.371,0.361,0.188,0.406,0.325,0.368,
0.312,nan,nan,nan,0.438,0.125,nan,nan,0.403,0.250,
0.320,nan,0.323,0.156,nan,nan,nan,nan,0.271,0.331,
0.317,0.281,0.333,0.281,nan,0.293,0.325,nan,nan,0.308,
0.562,0.250,0.342,0.292,nan,0.229,0.344,0.312,0.562,0.312,
0.319,0.325,0.292,nan,0.417,0.340,0.334,0.304,0.307,0.255,
0.337,0.317,nan,nan,0.531,0.306,0.328,0.125,0.362,0.316,
0.300,0.324,0.299,0.352,0.365,0.320,0.319,0.286,nan,0.420,
