124.579,0.000,166.615,145.500,8.000,104.545,163.000,43.320,103.950,60.000,
62.000,nan,100.000,72.500,170.182,114.094,122.914,108.882,123.375,0.000,
nan,nan,57.000,126.833,117.000,85.269,63.250,96.000,47.000,nan,
nan,nan,0.000,112.250,0.000,152.400,nan,75.600,100.950,0.000,
0.000,nan,18.000,92.089,156.000,0.000,79.500,147.000,nan,0.000,
45.000,81.818,4.000,91.714,0.000,95.400,49.000,92.000,123.000,0.000,
84.000,104.769,139.800,nan,nan,0.000,34.125,129.429,86.538,30.857,
156.231,135.649,147.429,0.000,139.800,0.000,156.273,94.541,42.429,58.364,
62.700,45.000,nan,nan,nan,nan,86.000,58.909,107.267,105.923,
30.000,77.700,113.077,0.000,nan,21.000,85.250,194.250,27.429,92.143,
