0.329,0.273,nan,0.263,0.344,0.312,0.342,0.371,0.359,0.287,
0.409,0.250,0.300,0.348,0.312,0.375,0.306,0.315,0.353,0.288,
0.312,0.250,0.354,0.352,0.319,nan,0.281,0.352,0.352,nan,
0.361,0.328,0.234,0.353,0.349,0.312,nan,0.266,0.366,0.338,
0.327,0.344,0.208,0.373,0.306,nan,0.312,0.281,0.323,0.317,
0.375,0.350,0.330,0.531,nan,nan,nan,nan,0.500,0.375,
0.312,0.398,0.285,0.288,0.250,nan,nan,nan,nan,0.312,
0.330,0.317,0.375,0.344,nan,nan,0.321,0.438,nan,0.188,
0.250,0.306,nan,nan,nan,0.188,0.320,0.250,0.312,nan,
0.288,0.383,0.375,0.292,0.125,0.312,0.352,0.323,0.338,0.260,
