0.242,0.312,0.435,nan,0.301,0.226,0.258,0.346,0.342,0.346,
0.419,0.315,0.306,0.258,0.360,0.339,0.323,0.331,0.340,0.385,
0.350,0.306,nan,0.339,0.334,0.349,0.315,nan,0.312,0.258,
0.274,nan,nan,0.242,0.342,0.290,0.226,0.242,0.290,nan,
0.337,0.290,0.306,0.349,0.301,0.301,nan,0.323,0.342,0.403,
0.348,0.484,0.355,nan,nan,0.321,0.303,0.352,0.314,0.258,
0.376,0.306,0.335,0.362,0.323,0.352,0.287,0.333,0.337,0.302,
0.237,0.355,0.280,nan,nan,nan,0.355,0.299,0.319,0.387,
0.335,0.331,0.350,nan,0.226,0.387,0.323,0.331,0.355,0.345,
0.341,0.333,0.301,0.339,0.332,0.286,0.516,0.310,0.323,0.327,
