0.344,0.344,nan,0.264,0.332,0.393,0.330,0.306,0.326,0.339,
0.250,0.319,0.281,0.334,0.357,0.375,0.382,0.357,0.336,0.388,
0.312,0.458,0.354,0.366,0.250,nan,0.312,0.318,0.369,0.354,
0.362,0.250,0.341,0.353,0.342,nan,0.333,0.346,0.350,0.324,
0.323,0.325,0.328,0.345,0.323,nan,nan,nan,0.250,0.359,
0.348,0.250,0.312,0.332,0.350,0.312,nan,nan,0.516,0.356,
0.375,0.292,0.319,nan,0.562,nan,nan,nan,nan,nan,
nan,0.375,0.338,0.312,0.340,0.438,nan,0.188,nan,nan,
nan,0.312,0.369,0.375,0.333,0.223,0.317,0.333,0.338,0.438,
nan,nan,0.312,0.356,0.300,0.229,0.321,0.375,0.354,0.531,
