nan,0.339,0.375,nan,0.438,0.333,0.331,0.337,0.292,0.438,
nan,0.284,0.312,0.350,0.350,0.336,0.288,0.331,0.367,0.365,
nan,0.438,0.344,0.279,0.382,0.289,0.340,0.338,nan,nan,
nan,nan,0.312,0.219,0.337,0.350,0.385,nan,nan,nan,
nan,nan,0.338,0.347,0.312,0.396,0.425,0.312,0.344,nan,
0.344,0.325,0.312,0.316,0.344,0.375,0.312,0.312,0.360,0.375,
0.347,0.345,0.286,0.312,0.354,nan,0.365,0.338,0.363,0.237,
0.260,0.344,0.312,nan,nan,nan,0.375,0.342,0.294,0.375,
0.406,0.292,0.375,0.281,nan,0.125,0.285,0.318,0.375,0.332,
nan,nan,0.266,0.333,0.250,0.375,0.339,0.344,0.375,0.366,
