nan,0.391,0.194,0.323,0.325,0.339,0.341,0.298,0.322,0.308,
nan,0.314,0.290,0.335,0.350,nan,0.355,0.328,0.325,0.355,
0.323,0.355,0.435,0.328,0.313,nan,0.323,0.306,0.344,0.323,
0.319,0.297,0.350,0.337,0.344,0.323,0.280,0.368,0.330,0.331,
0.348,nan,0.358,0.331,0.348,0.355,nan,nan,0.290,0.345,
0.336,0.366,0.297,0.341,0.355,nan,nan,nan,nan,0.316,
0.323,0.348,0.320,0.409,nan,nan,nan,nan,nan,nan,
nan,nan,0.309,0.295,0.344,0.266,0.290,nan,nan,nan,
nan,0.242,0.355,0.290,0.359,0.335,0.321,0.269,0.331,0.387,
nan,0.323,0.313,0.301,0.325,0.319,0.335,0.328,0.324,0.290,
