0.146,0.312,0.393,0.287,0.396,0.306,0.333,0.312,0.359,0.352,
0.375,0.354,0.300,0.322,0.271,0.312,0.333,0.330,0.389,0.438,
nan,nan,0.312,0.362,0.321,0.332,0.297,0.357,0.305,nan,
nan,nan,0.312,0.312,0.125,0.344,0.338,0.318,0.328,0.453,
0.402,0.188,nan,0.328,0.339,0.309,0.338,0.278,0.381,0.323,
0.338,0.377,0.237,0.347,0.469,0.295,0.370,0.250,0.324,0.352,
0.326,0.312,0.312,0.438,0.281,0.188,0.318,0.328,0.385,0.375,
0.362,0.323,0.375,0.125,0.348,0.318,0.375,0.344,0.381,0.321,
0.369,0.312,0.250,nan,nan,0.438,0.250,0.348,0.367,0.312,
0.361,0.406,0.356,0.312,nan,nan,0.354,0.438,0.349,0.379,
