0.336,0.375,0.319,0.358,0.417,nan,0.344,0.344,0.327,0.351,
0.250,nan,nan,0.312,0.188,0.290,0.297,0.354,0.322,0.250,
0.292,0.287,nan,nan,nan,0.344,0.312,nan,0.438,nan,
0.400,0.312,nan,nan,nan,nan,nan,0.250,nan,nan,
0.306,0.344,0.325,0.188,nan,nan,0.208,0.240,0.188,0.363,
0.339,0.275,0.427,0.382,0.250,0.268,0.326,0.383,0.324,0.412,
0.359,nan,0.302,0.312,0.347,0.347,0.300,0.365,0.250,0.375,
0.438,0.625,0.375,0.297,0.281,0.318,0.333,0.294,0.309,0.312,
0.347,0.347,0.367,0.219,nan,0.320,0.298,0.340,0.463,0.343,
0.336,0.307,0.305,0.347,0.344,nan,0.325,0.278,0.361,0.346,
