23.250,142.125,33.000,54.000,125.000,113.000,61.615,101.500,nan,nan,
64.500,249.000,75.429,0.000,0.000,103.200,85.429,171.000,211.000,nan,
130.615,95.500,145.909,159.000,nan,78.000,58.286,48.750,135.522,109.500,
152.409,193.500,40.875,60.375,42.429,132.000,144.000,0.000,103.286,192.000,
95.111,108.857,170.400,25.800,0.000,108.000,nan,nan,nan,0.000,
125.559,61.650,98.294,110.758,59.600,88.125,nan,nan,0.000,121.615,
190.615,72.250,89.700,139.846,97.071,122.667,31.200,nan,nan,119.250,
0.000,155.000,nan,77.455,99.136,128.357,125.143,nan,nan,0.000,
120.000,64.000,164.000,nan,184.000,78.000,153.000,0.000,nan,nan,
68.647,0.000,78.000,44.684,96.250,87.333,247.500,nan,nan,140.000,
