0.336,0.300,0.339,0.332,0.438,0.438,nan,0.318,0.352,0.335,
0.312,0.344,nan,0.188,nan,0.388,0.271,0.250,0.289,nan,
0.422,0.354,0.250,nan,nan,0.312,0.406,nan,0.125,nan,
0.271,nan,nan,nan,nan,nan,nan,nan,nan,0.281,
0.305,0.384,0.271,0.362,nan,nan,0.328,0.312,0.250,0.331,
0.312,0.302,0.345,0.329,0.375,0.302,0.327,0.371,0.281,0.303,
0.331,nan,0.319,0.340,0.351,0.337,0.321,0.289,0.156,0.346,
0.375,nan,0.125,0.344,0.375,0.318,0.312,0.384,0.326,0.354,
0.343,0.350,0.359,0.344,nan,0.325,0.319,0.336,0.406,0.331,
0.360,0.341,0.325,0.280,0.312,0.125,0.354,0.354,0.352,0.367,
