0.297,nan,0.342,0.292,0.417,0.365,0.311,0.362,0.375,0.287,
nan,nan,0.368,0.292,0.263,0.321,0.369,0.324,0.333,0.250,
nan,nan,0.375,0.347,0.229,0.341,0.338,0.417,0.263,0.125,
nan,nan,0.344,0.312,nan,0.328,0.411,nan,0.369,0.275,
0.328,nan,nan,0.356,0.344,0.325,0.318,0.319,0.323,0.347,
0.312,0.283,0.330,0.369,0.325,0.400,0.317,0.188,0.354,0.357,
0.356,0.415,0.286,0.438,0.281,0.271,0.278,0.353,0.375,0.297,
0.294,0.333,0.299,nan,0.391,0.367,0.316,0.312,0.359,0.344,
0.353,0.281,0.438,nan,nan,nan,0.384,0.375,0.310,0.319,
0.312,0.328,0.312,0.375,nan,0.312,0.312,0.375,0.321,0.312,
