0.328,0.355,0.364,0.320,0.299,nan,0.278,0.281,0.345,0.309,
0.342,0.305,0.321,0.333,0.305,nan,0.188,0.329,0.309,0.412,
0.281,nan,0.366,0.320,0.333,0.281,0.500,0.361,0.375,0.406,
0.337,0.312,0.356,0.319,0.353,0.250,nan,0.344,0.500,0.393,
0.312,nan,nan,0.331,0.344,nan,0.375,0.343,0.338,0.318,
0.312,0.263,0.320,0.338,nan,nan,nan,0.333,0.219,0.342,
0.271,0.250,0.293,0.312,nan,nan,nan,nan,nan,0.438,
nan,nan,0.562,0.375,nan,0.250,0.375,nan,nan,nan,
0.271,0.339,0.188,0.312,0.406,0.406,0.357,0.383,0.302,0.344,
0.359,0.362,0.287,0.393,0.333,nan,0.327,0.234,0.330,0.350,
