nan,nan,nan,nan,0.469,0.346,0.291,0.310,0.339,0.406,
0.375,0.250,0.391,0.292,0.312,0.348,0.312,0.327,0.326,0.362,
nan,nan,nan,nan,0.406,0.267,0.219,0.469,0.125,0.271,
nan,nan,0.305,0.287,0.264,0.318,0.312,nan,0.188,nan,
0.271,0.266,0.312,0.361,0.266,0.250,0.379,0.281,0.306,0.312,
0.386,0.289,0.292,0.344,0.375,0.319,0.356,0.336,0.301,0.229,
0.312,0.344,0.302,0.329,0.333,0.328,0.340,0.376,0.333,0.337,
0.292,0.438,nan,nan,0.625,0.325,0.278,0.309,0.361,0.438,
nan,0.250,0.350,nan,nan,nan,0.344,0.438,0.323,0.330,
0.312,0.375,0.312,nan,0.292,0.375,0.391,0.312,0.264,0.300,
