0.389,0.258,0.312,0.354,0.312,nan,0.406,0.325,0.365,0.318,
0.312,0.271,0.327,0.281,nan,0.335,0.263,0.292,0.344,0.330,
0.356,0.375,0.271,nan,0.375,0.359,0.250,nan,nan,0.250,
0.366,0.312,0.438,0.263,0.350,0.391,0.250,0.264,0.339,0.500,
0.304,0.328,0.422,0.125,0.250,0.318,0.301,0.250,0.531,0.458,
0.479,0.375,0.414,0.354,nan,0.339,0.327,0.338,0.275,0.188,
0.417,0.299,0.309,0.333,0.281,0.375,0.260,0.360,0.314,0.295,
0.304,0.396,0.219,0.375,nan,0.375,0.356,0.317,0.327,0.334,
0.340,0.307,0.438,nan,nan,0.312,0.301,0.344,0.344,0.343,
0.330,0.345,0.250,0.375,0.406,0.321,0.341,0.312,0.125,0.329,
