0.348,0.283,0.336,0.362,0.310,0.296,0.344,0.464,0.332,0.321,
0.438,0.354,0.312,0.281,0.349,0.337,0.281,0.339,0.344,0.359,
0.396,0.188,0.307,0.312,nan,0.381,0.328,0.332,0.335,0.330,
0.338,0.312,0.304,nan,nan,0.375,0.375,0.306,0.396,nan,
0.340,0.396,0.333,0.344,0.344,0.422,0.271,0.337,0.304,0.250,
0.229,0.329,0.396,0.335,0.396,0.354,0.357,0.250,0.347,0.325,
0.333,0.357,0.299,0.250,0.384,0.328,0.353,0.375,0.469,nan,
0.375,0.319,0.375,nan,0.500,0.312,0.319,0.354,nan,nan,
0.312,0.334,0.338,0.328,nan,0.562,0.296,0.298,0.375,0.312,
0.354,0.312,0.312,0.340,0.307,0.324,0.312,nan,0.305,0.359,
