0.438,0.324,0.375,0.364,0.250,0.375,0.357,0.500,0.385,0.438,
0.297,0.312,0.338,0.125,0.375,0.316,0.406,0.312,0.333,nan,
0.295,0.281,0.438,0.312,0.339,0.354,0.438,0.250,0.344,0.278,
0.250,nan,nan,nan,0.333,0.438,nan,nan,0.284,0.386,
0.383,nan,0.312,0.438,nan,nan,nan,nan,0.375,0.338,
0.286,0.219,0.229,0.375,nan,0.404,0.388,nan,nan,0.344,
0.188,0.344,0.335,0.382,nan,0.417,0.328,0.281,0.188,0.323,
0.312,0.381,0.354,nan,0.292,0.294,0.329,0.402,0.323,0.346,
0.337,0.299,nan,nan,0.188,0.396,0.315,0.500,0.287,0.326,
0.355,0.355,0.361,0.299,0.315,0.348,0.308,0.277,nan,0.277,
