0.294,0.062,0.357,0.325,0.344,0.361,0.343,0.375,0.350,0.354,
0.406,0.341,0.348,0.302,0.362,0.451,0.347,0.312,0.208,nan,
0.219,0.312,nan,0.268,0.312,0.344,0.281,0.326,0.327,0.344,
0.125,nan,0.312,nan,0.333,nan,nan,0.229,0.333,0.375,
0.375,nan,0.294,nan,0.438,0.188,nan,nan,nan,0.334,
0.245,nan,0.406,0.250,0.406,0.268,nan,nan,0.292,0.354,
0.417,0.375,0.341,0.291,0.312,0.309,0.328,nan,nan,0.188,
0.438,0.312,0.396,0.417,0.188,0.298,0.312,nan,0.250,0.312,
0.295,0.354,0.359,0.375,0.344,0.271,0.344,0.271,0.312,0.299,
0.355,0.304,0.375,0.316,0.308,0.315,0.314,0.412,0.302,0.375,
