0.362,0.312,0.318,0.320,0.295,0.280,0.312,0.362,0.341,0.321,
0.438,0.354,0.329,0.308,0.349,0.321,0.250,0.453,0.306,0.375,
0.319,0.312,0.303,0.264,0.295,0.241,0.375,0.319,0.316,0.306,
0.312,nan,nan,0.312,nan,nan,nan,0.330,0.307,0.361,
nan,0.250,0.281,0.344,nan,0.188,0.281,0.266,0.283,0.375,
0.438,0.380,0.273,0.345,0.312,0.347,0.296,0.250,0.358,0.344,
0.328,0.320,0.312,0.357,0.321,0.260,0.312,nan,0.375,0.271,
0.237,0.367,0.299,nan,0.362,0.438,0.350,nan,nan,0.469,
0.391,0.349,0.438,nan,0.500,0.321,0.338,nan,0.250,0.375,
0.281,0.375,0.312,0.340,0.229,0.353,0.438,0.500,0.328,nan,
