0.306,0.341,0.324,0.343,0.342,0.300,0.335,0.290,0.290,0.452,
0.333,0.327,0.309,0.290,0.237,0.312,0.398,nan,0.379,0.323,
0.319,0.274,0.323,nan,0.323,0.323,nan,0.328,0.349,0.387,
0.419,nan,nan,0.387,0.258,0.355,nan,0.323,0.347,0.320,
0.318,nan,0.329,0.284,nan,0.226,nan,nan,0.315,0.330,
0.352,nan,0.323,0.411,nan,0.294,0.298,nan,nan,0.317,
0.210,0.210,0.309,0.355,nan,0.344,0.363,0.312,nan,0.371,
0.269,0.313,0.387,nan,0.258,0.326,0.324,0.274,0.355,0.339,
0.311,0.358,nan,0.323,0.218,0.327,0.377,0.379,0.282,0.349,
0.318,0.316,0.312,0.341,0.339,0.342,0.320,0.300,0.323,0.384,
