nan,nan,nan,85.125,65.917,105.600,129.947,0.000,129.176,138.231,
0.000,103.000,0.000,235.714,66.000,20.000,88.000,96.409,84.146,131.250,
94.500,76.364,105.000,98.800,nan,0.000,89.571,57.931,85.909,50.500,
121.200,16.286,103.200,112.256,193.071,0.000,240.000,122.500,86.432,77.400,
87.774,97.875,69.188,121.235,144.000,nan,nan,nan,50.100,111.000,
79.091,13.000,186.000,123.000,0.000,105.000,nan,nan,141.000,103.154,
0.000,172.500,119.833,0.000,26.000,31.636,76.000,nan,nan,47.000,
nan,nan,84.375,116.250,83.429,0.000,nan,nan,nan,nan,
nan,nan,114.562,0.000,0.000,235.000,104.400,140.000,246.000,nan,
0.000,0.000,104.000,114.562,132.429,39.375,160.174,134.250,132.000,nan,
