nan,nan,nan,0.312,nan,0.188,0.361,0.344,0.312,0.250,
0.438,0.250,0.375,0.281,0.275,0.339,0.388,0.317,0.351,0.319,
0.306,0.322,0.329,0.292,0.385,0.312,nan,nan,0.347,0.325,
0.312,0.305,0.361,0.354,nan,0.188,nan,0.344,0.375,0.301,
0.325,0.338,0.406,0.336,0.188,0.438,nan,nan,0.250,0.400,
0.360,0.365,0.327,0.302,0.312,0.375,0.312,nan,0.312,0.327,
nan,0.406,0.287,0.294,0.438,0.385,nan,nan,nan,0.396,
0.312,0.331,0.356,0.318,0.361,0.369,0.312,0.438,nan,0.312,
0.250,0.327,0.365,0.333,0.312,0.328,0.243,nan,nan,0.125,
nan,0.375,nan,0.250,0.333,0.330,0.344,nan,nan,nan,
