nan,nan,nan,0.438,0.319,0.438,0.366,0.312,0.312,0.438,
0.312,0.266,0.312,0.250,0.349,0.312,0.322,0.375,0.382,0.338,
0.361,0.375,0.326,0.354,0.250,nan,0.281,0.305,0.344,0.354,
0.336,0.373,0.338,0.380,0.312,nan,0.438,0.344,0.349,0.344,
0.339,0.340,0.287,0.323,0.250,0.375,nan,0.344,0.400,0.388,
0.319,0.318,0.312,0.256,0.292,0.281,nan,nan,0.188,0.377,
0.250,0.312,0.350,0.306,0.349,0.347,0.438,nan,nan,0.292,
0.479,0.322,0.348,0.419,0.271,0.312,0.375,nan,nan,nan,
nan,0.312,0.312,0.333,0.375,0.330,0.475,0.417,nan,nan,
nan,nan,0.250,0.306,0.325,0.326,0.324,0.312,0.250,nan,
