0.188,0.312,0.406,nan,0.312,0.250,0.250,0.351,0.335,0.339,
0.375,0.289,0.326,0.188,0.354,0.333,0.380,0.279,0.370,0.393,
0.339,0.219,nan,0.281,0.335,0.373,0.359,nan,0.229,0.250,
0.281,nan,nan,0.312,0.341,0.281,0.188,0.312,0.250,nan,
0.334,0.375,0.312,0.354,0.354,0.323,nan,0.325,0.325,0.438,
0.362,0.312,0.312,nan,nan,0.342,0.267,0.365,0.312,0.312,
0.458,0.273,0.347,0.357,0.250,0.338,0.294,0.334,0.344,0.290,
0.188,0.287,0.312,nan,nan,nan,0.402,0.284,0.319,0.455,
0.347,0.307,0.357,nan,0.188,0.312,0.292,0.318,0.333,0.315,
0.342,0.323,0.312,0.356,0.319,0.262,0.500,0.234,0.292,0.305,
