nan,0.385,0.343,0.333,0.353,0.327,0.337,0.324,0.388,0.342,
0.250,0.375,0.309,0.316,0.347,0.309,0.312,0.330,0.375,0.188,
nan,nan,0.300,0.312,0.331,0.358,0.203,0.344,0.375,nan,
nan,nan,0.375,0.396,0.409,0.307,0.281,nan,nan,nan,
nan,nan,0.312,0.339,0.383,0.331,0.375,nan,0.375,0.328,
nan,nan,nan,0.312,0.312,0.312,0.375,0.344,0.219,nan,
0.312,0.303,0.275,nan,nan,0.297,0.323,0.337,0.412,0.312,
0.325,0.327,0.328,0.327,0.281,0.312,0.354,0.320,0.359,0.312,
0.406,0.268,0.354,0.375,nan,0.188,0.312,0.346,0.348,0.333,
0.219,0.256,0.312,0.339,0.375,0.367,0.294,0.325,nan,0.250,
