0.312,0.330,0.312,0.250,0.312,0.188,0.277,0.368,0.312,0.292,
0.188,0.281,0.357,nan,0.312,0.325,0.302,0.316,0.367,0.431,
0.328,nan,0.312,0.125,0.302,0.380,0.292,nan,0.312,0.344,
0.319,nan,nan,0.219,0.312,0.349,nan,0.400,0.300,0.375,
0.353,0.417,0.354,0.312,0.330,0.331,0.271,0.412,0.294,0.385,
0.328,nan,0.396,nan,0.375,0.340,0.317,0.355,0.392,0.438,
0.250,0.354,0.370,0.337,0.359,0.278,0.276,0.347,0.317,0.319,
0.318,0.354,0.208,0.375,nan,nan,0.298,0.312,0.330,0.303,
0.311,0.321,0.328,0.312,0.500,0.344,0.295,0.382,0.356,0.338,
0.341,0.318,0.458,0.350,0.299,0.297,0.375,0.250,0.348,0.266,
