0.403,0.240,0.260,0.328,0.297,0.297,0.242,0.312,0.328,0.312,
0.231,0.188,nan,0.350,0.348,0.359,0.338,0.250,0.350,0.301,
0.350,0.354,0.328,0.316,0.365,0.330,0.339,0.318,0.332,0.371,
0.324,0.219,0.357,0.308,0.316,0.250,0.312,0.347,0.357,0.321,
0.375,0.292,0.362,0.301,0.266,0.325,0.188,0.332,0.324,0.333,
0.275,nan,0.188,0.312,nan,0.312,0.359,0.339,0.354,0.369,
0.323,nan,nan,nan,nan,nan,0.250,0.312,0.297,0.366,
0.354,0.375,nan,nan,0.625,0.312,0.352,0.359,0.250,0.312,
0.316,0.250,nan,nan,0.438,0.317,0.317,0.312,0.333,0.384,
0.353,0.312,0.325,0.328,0.469,0.344,0.312,0.391,0.358,0.354,
