nan,0.319,0.313,0.344,0.258,0.364,0.317,0.335,0.309,0.297,
nan,0.435,0.285,0.271,0.351,0.327,0.282,0.359,0.310,nan,
nan,nan,0.319,0.306,0.330,0.348,0.312,0.308,0.419,nan,
nan,nan,0.323,0.355,0.319,0.318,0.395,0.419,nan,nan,
nan,nan,0.312,0.323,0.346,0.340,0.359,0.258,nan,nan,
nan,0.400,0.435,0.342,0.265,0.226,nan,0.323,0.317,nan,
0.403,0.327,0.355,0.387,0.323,0.323,0.356,0.353,0.356,nan,
0.325,0.338,0.400,0.340,0.344,0.342,0.326,0.306,0.310,0.258,
0.274,0.342,0.344,0.323,nan,0.280,0.333,0.325,0.319,0.327,
nan,0.355,0.316,0.407,0.366,0.331,0.337,0.298,0.366,0.355,
