0.425,0.337,0.327,0.309,0.368,0.332,0.320,0.362,0.338,nan,
nan,nan,0.349,0.333,0.301,0.332,0.344,0.375,0.362,0.266,
0.304,nan,0.362,0.389,0.301,0.312,0.326,0.347,0.306,0.297,
0.562,nan,0.312,nan,0.375,nan,nan,0.338,0.318,0.339,
0.365,0.500,0.359,0.281,0.266,0.266,nan,nan,0.531,0.358,
0.375,0.312,0.125,0.331,0.365,0.328,0.188,nan,0.363,0.406,
0.250,0.241,0.322,0.347,0.304,0.329,0.500,nan,0.306,0.375,
0.316,0.292,0.354,0.250,0.391,0.438,0.384,0.340,nan,0.104,
0.350,0.333,0.328,0.375,0.438,0.375,0.346,0.350,0.500,0.391,
0.264,0.312,0.339,0.328,0.333,0.322,0.305,0.369,0.354,0.263,
