33.000,129.000,nan,28.667,151.846,48.429,129.750,103.333,147.474,89.842,
51.000,158.667,52.500,158.348,67.286,0.000,18.333,113.032,106.184,89.100,
21.600,36.000,90.000,133.773,0.000,nan,52.615,147.273,53.700,0.000,
105.000,102.750,119.850,108.220,90.700,nan,54.000,129.231,111.643,69.818,
73.787,23.400,105.750,63.517,100.000,nan,nan,nan,79.200,86.250,
99.938,0.000,58.200,57.562,21.000,87.000,nan,nan,33.000,120.444,
0.000,172.167,90.150,nan,0.000,nan,nan,nan,nan,nan,
nan,0.000,108.900,138.000,113.333,105.000,nan,0.000,nan,nan,
nan,0.000,99.857,0.000,144.000,106.286,143.538,64.000,175.800,48.000,
nan,nan,131.000,89.250,123.600,160.000,97.714,99.000,202.500,0.000,
