0.352,0.335,0.302,0.328,0.333,0.306,0.348,0.312,0.315,nan,
0.358,0.363,0.323,0.328,0.335,0.345,0.387,0.363,0.371,0.336,
0.349,0.373,0.355,0.309,0.341,0.323,0.331,0.328,0.361,0.358,
0.327,nan,0.350,0.355,0.355,0.360,0.368,0.329,0.343,0.304,
0.339,0.271,0.357,0.365,0.310,0.269,0.329,0.323,0.280,0.325,
0.387,nan,nan,0.323,nan,0.484,0.269,0.320,0.308,0.323,
0.329,0.290,nan,nan,nan,nan,0.355,nan,0.327,0.351,
0.341,0.333,nan,nan,nan,0.419,0.303,0.303,0.398,0.310,
0.308,nan,nan,nan,0.282,0.318,0.309,0.323,0.340,0.351,
0.328,0.355,0.226,0.362,0.387,0.355,0.333,0.323,0.319,0.290,
