nan,nan,nan,nan,0.323,0.290,0.348,0.435,0.373,0.161,
nan,0.258,0.484,0.284,0.315,0.387,0.340,0.346,0.305,0.325,
0.343,0.272,0.320,nan,nan,nan,0.355,0.312,0.323,0.359,
0.337,0.329,0.342,0.351,nan,nan,nan,0.340,0.344,0.352,
0.334,0.326,0.326,0.323,nan,0.258,nan,nan,nan,0.323,
0.345,0.330,0.327,0.352,0.290,0.323,nan,nan,nan,0.337,
0.419,0.312,0.318,0.318,0.343,0.330,0.452,nan,nan,0.359,
0.274,0.297,0.360,0.343,0.360,0.362,0.323,nan,nan,nan,
nan,0.361,0.313,0.339,0.306,0.335,0.315,0.339,nan,nan,
nan,nan,nan,0.304,0.320,0.363,0.308,0.129,nan,nan,
