nan,nan,nan,0.375,0.342,0.250,0.380,0.562,0.391,0.344,
0.281,0.324,nan,0.375,0.332,0.562,0.317,0.321,0.350,0.338,
0.396,0.338,0.320,0.365,0.250,0.625,0.284,0.306,0.361,0.348,
0.295,0.350,0.347,0.333,0.438,nan,0.438,0.349,0.339,0.353,
0.299,0.307,0.332,0.341,nan,nan,nan,nan,0.281,0.477,
0.326,0.353,0.344,0.324,0.375,0.188,nan,nan,0.250,0.365,
0.336,0.344,0.329,0.367,0.355,0.371,0.500,nan,nan,nan,
0.281,0.500,0.310,0.324,0.324,0.322,nan,nan,nan,nan,
nan,0.336,0.335,0.354,0.328,0.297,0.328,nan,nan,nan,
nan,nan,0.250,0.333,0.304,0.354,0.338,0.188,nan,0.312,
