nan,nan,nan,0.375,nan,0.500,0.299,0.250,0.406,0.250,
0.125,0.375,0.375,0.328,0.338,0.375,0.287,0.295,0.314,0.312,
0.353,0.322,0.342,0.323,0.302,0.365,nan,nan,0.335,0.358,
0.354,0.343,0.344,0.333,nan,0.438,nan,0.469,0.304,0.354,
0.347,0.345,0.300,0.305,0.438,0.250,nan,nan,0.406,0.350,
0.318,0.365,0.351,0.372,0.385,0.326,0.375,nan,0.500,0.298,
nan,0.125,0.338,0.391,0.167,0.302,nan,nan,nan,0.229,
0.271,0.312,0.361,0.318,0.382,0.320,0.348,0.375,nan,0.312,
0.375,0.380,0.299,0.271,0.438,0.365,0.403,nan,nan,0.562,
nan,0.188,nan,0.417,0.352,0.295,0.406,nan,nan,nan,
