0.250,0.375,0.292,0.326,0.250,0.325,0.375,0.352,0.312,nan,
0.547,0.348,0.344,0.370,0.302,0.188,0.354,0.297,0.188,0.344,
0.312,0.297,0.290,0.341,0.531,nan,0.388,0.326,0.392,0.359,
0.323,nan,0.333,0.322,0.294,0.312,0.317,0.325,0.366,0.337,
0.275,0.306,0.388,0.321,0.414,0.346,0.356,0.319,0.301,0.263,
0.315,0.368,0.438,0.250,0.394,0.275,0.219,0.277,0.344,0.271,
0.316,0.339,0.341,0.286,0.332,0.297,0.312,0.375,0.250,0.325,
0.281,nan,0.312,0.188,0.312,nan,0.361,0.380,0.362,0.318,
nan,nan,0.375,0.295,0.375,0.417,0.338,0.357,0.188,0.250,
0.312,0.312,nan,0.438,0.375,nan,0.300,0.312,0.330,0.325,
