nan,nan,0.332,0.312,0.250,0.312,0.312,0.352,0.307,0.344,
nan,nan,0.297,0.287,0.336,0.325,0.307,0.324,0.359,0.438,
nan,0.312,nan,0.348,0.309,0.349,0.308,0.362,nan,nan,
0.312,0.362,0.357,0.352,0.299,0.354,0.328,0.375,0.281,0.333,
0.188,0.329,0.341,0.358,0.375,0.333,0.458,0.438,0.369,0.188,
0.312,0.341,0.302,0.312,0.312,0.302,0.219,0.348,0.250,0.188,
0.312,0.301,0.360,0.382,0.375,0.369,0.330,0.250,0.562,nan,
nan,0.323,0.333,0.312,0.355,0.125,0.400,0.375,0.312,nan,
nan,nan,0.300,0.326,0.321,0.312,0.351,0.317,0.387,0.406,
nan,nan,0.318,0.317,0.375,0.325,0.336,0.311,0.342,0.325,
