nan,0.364,0.342,0.331,0.194,0.371,0.258,nan,nan,0.323,
0.226,0.363,0.306,0.366,0.336,0.376,0.301,0.409,0.366,nan,
nan,0.419,0.387,0.290,0.313,0.342,0.339,0.290,0.387,nan,
nan,0.342,0.306,0.343,0.323,0.345,0.387,0.330,0.355,nan,
0.323,0.352,0.320,0.330,0.301,0.343,0.333,0.435,nan,nan,
nan,nan,0.327,0.313,0.293,0.297,0.339,0.332,0.366,nan,
0.306,nan,nan,0.355,0.387,0.349,0.345,0.335,nan,nan,
0.312,nan,nan,nan,nan,0.355,0.366,0.317,nan,nan,
0.334,0.300,0.366,nan,nan,0.333,0.355,0.355,nan,0.323,
0.306,0.290,0.387,0.323,nan,nan,0.419,0.346,0.366,0.323,
