nan,0.406,0.289,0.266,nan,nan,0.375,0.333,0.341,0.438,
0.375,0.500,0.375,0.349,0.326,0.375,0.330,0.295,0.375,nan,
0.375,nan,nan,0.365,0.208,nan,nan,nan,nan,nan,
0.403,nan,nan,0.400,0.332,0.344,0.312,0.312,nan,nan,
0.250,0.438,0.338,0.312,0.327,0.333,0.125,0.375,nan,nan,
0.406,0.385,0.203,0.330,0.336,0.329,0.340,0.285,0.219,nan,
0.411,0.302,0.305,0.381,0.315,0.336,0.334,0.362,nan,nan,
0.350,0.347,0.296,0.300,0.302,0.295,0.354,0.469,nan,nan,
0.375,0.295,0.342,0.250,0.312,0.188,0.304,0.338,0.312,0.438,
0.438,0.370,0.326,0.375,nan,nan,0.375,nan,0.357,0.368,
