nan,nan,0.339,0.324,0.188,0.307,0.335,0.294,0.250,nan,
0.330,0.319,0.340,0.350,0.301,0.312,0.316,0.277,nan,nan,
0.263,0.368,0.311,0.339,0.337,0.417,0.306,0.393,0.312,nan,
nan,0.312,0.297,0.312,0.304,0.340,0.358,0.314,0.363,0.250,
0.417,0.297,0.521,0.500,0.354,0.271,0.309,0.310,0.347,0.398,
0.391,0.229,0.391,0.312,0.333,0.339,0.438,0.344,0.342,0.345,
0.310,0.326,0.350,0.375,0.303,0.292,0.375,0.345,0.354,0.331,
0.330,nan,0.438,0.312,nan,nan,0.234,0.365,0.312,0.277,
nan,nan,0.302,0.375,0.354,0.319,0.302,0.324,0.438,0.188,
nan,nan,0.333,0.315,0.335,0.438,0.333,0.388,0.340,0.302,
