0.312,0.312,0.420,nan,0.308,0.396,0.338,nan,nan,0.422,
nan,nan,0.312,0.316,0.318,0.331,0.325,0.316,0.350,0.125,
nan,nan,0.500,0.321,0.338,0.351,nan,0.250,0.359,nan,
nan,0.688,0.317,0.339,0.396,0.344,0.327,0.250,nan,nan,
nan,nan,0.329,0.335,0.312,0.362,0.338,nan,nan,nan,
0.375,0.386,0.271,0.345,0.339,0.330,0.318,0.312,nan,nan,
nan,0.288,0.330,0.309,0.333,0.339,0.338,nan,nan,nan,
0.375,0.357,0.362,0.328,nan,nan,0.375,nan,nan,nan,
0.350,0.349,0.335,0.338,nan,0.438,0.312,nan,nan,0.375,
0.328,0.396,0.406,nan,nan,nan,nan,0.323,0.335,0.355,
