0.365,0.364,0.321,0.314,0.344,0.330,0.354,0.321,0.346,0.356,
0.438,0.341,0.364,0.284,0.334,0.369,nan,0.438,0.299,0.312,
0.359,0.188,0.319,0.250,0.344,0.289,0.292,0.351,0.328,0.354,
0.330,0.400,0.438,0.188,nan,0.125,0.287,0.345,0.412,0.250,
0.338,0.275,0.475,0.292,0.250,0.328,0.281,0.326,0.325,0.125,
0.312,0.307,0.369,0.338,0.320,0.302,0.359,0.333,0.255,0.292,
0.312,0.316,0.344,0.281,0.234,0.335,0.301,0.292,nan,nan,
0.375,0.375,0.357,0.438,nan,0.333,0.355,0.359,nan,nan,
0.500,0.370,0.319,0.359,0.250,0.292,0.297,0.349,0.469,nan,
nan,0.328,0.295,0.338,0.368,0.394,0.312,0.412,0.300,0.290,
