nan,0.000,133.059,0.000,nan,0.000,111.462,106.875,98.769,nan,
nan,nan,0.000,117.000,58.500,124.091,19.714,124.000,78.250,0.000,
nan,85.875,nan,81.000,106.929,164.438,86.455,62.000,0.000,nan,
166.500,113.667,10.800,93.000,78.545,120.000,91.731,52.500,0.000,0.000,
0.000,97.839,77.727,107.571,177.000,36.000,127.000,nan,37.500,nan,
117.000,121.863,101.200,34.800,nan,142.500,178.800,170.750,82.125,nan,
nan,69.750,127.778,122.036,12.000,165.545,101.750,9.000,0.000,nan,
nan,116.538,105.281,77.400,119.824,0.000,58.909,nan,nan,nan,
nan,nan,51.600,129.000,149.000,78.000,165.000,116.667,122.000,208.500,
nan,0.000,85.875,89.647,111.600,147.000,66.857,114.450,56.684,257.000,
