0.306,0.323,0.344,0.333,0.323,nan,nan,nan,nan,nan,
nan,0.339,0.282,0.392,0.387,0.303,nan,0.355,nan,nan,
nan,nan,0.290,nan,0.424,0.258,0.419,0.278,0.387,nan,
nan,0.387,0.333,0.336,0.350,0.277,0.358,0.308,0.271,nan,
0.398,0.360,0.339,0.348,0.327,0.300,0.330,0.344,0.352,nan,
nan,0.371,0.352,nan,0.361,0.306,0.346,0.348,0.339,nan,
0.301,0.316,0.258,0.242,0.371,0.336,0.372,0.326,0.294,0.290,
nan,nan,nan,0.323,0.317,0.325,0.331,0.328,0.335,nan,
nan,nan,0.282,0.290,0.484,0.278,0.309,0.329,0.345,nan,
nan,0.347,0.347,0.310,0.315,nan,0.274,nan,nan,nan,
