nan,0.312,0.326,0.372,0.281,0.281,0.402,0.350,0.342,0.269,
0.312,0.289,0.307,0.319,0.342,0.406,0.295,0.275,0.333,0.438,
0.312,0.306,0.330,0.368,0.446,0.344,0.312,0.345,0.288,0.271,
0.349,0.359,0.438,0.312,0.384,0.312,0.380,0.354,0.370,0.281,
0.375,0.297,nan,0.312,0.362,0.337,0.321,0.312,0.368,0.334,
0.328,0.336,0.438,0.370,0.326,0.382,0.382,0.304,0.319,0.306,
0.325,0.396,0.318,0.391,0.250,0.359,0.318,0.335,0.188,0.375,
nan,0.348,0.292,0.328,0.278,0.227,0.375,0.250,0.375,0.292,
0.333,nan,0.244,0.312,0.350,0.281,0.385,0.277,0.396,0.375,
nan,0.188,0.330,0.350,0.406,0.250,0.339,0.283,0.340,0.351,
