nan,198.000,88.286,118.312,33.000,128.750,120.000,110.429,142.320,0.000,
nan,81.000,75.000,101.294,nan,0.000,98.400,0.000,0.000,nan,
121.765,43.750,57.222,109.448,0.000,0.000,105.250,134.400,0.000,0.000,
110.308,13.000,0.000,132.000,83.000,82.125,101.143,160.875,190.000,130.714,
67.333,79.929,81.000,nan,78.818,0.000,3.000,44.333,40.500,73.976,
88.500,101.625,0.000,173.000,162.750,198.000,114.833,145.875,72.000,117.375,
43.571,83.636,70.364,83.625,204.000,132.000,67.364,159.167,49.000,111.720,
24.000,90.000,103.500,6.000,224.500,67.667,37.500,91.312,0.000,38.571,
59.625,nan,57.818,109.962,103.800,148.286,183.600,0.000,153.000,nan,
0.000,180.000,94.833,168.947,nan,25.615,98.000,90.600,101.094,0.000,
