nan,0.375,0.333,0.281,nan,0.203,0.396,0.438,0.328,0.354,
nan,nan,nan,nan,0.312,0.349,0.403,0.344,0.333,0.359,
nan,nan,nan,nan,0.344,0.312,0.438,0.356,0.469,0.438,
0.500,0.417,0.375,0.340,0.308,0.250,0.339,0.297,nan,nan,
nan,nan,0.277,0.330,0.339,0.334,0.375,nan,nan,nan,
nan,0.359,0.348,0.333,0.322,0.309,0.349,0.292,nan,nan,
nan,0.302,0.324,0.346,0.323,0.402,0.332,0.312,nan,nan,
0.438,0.349,0.275,0.328,0.312,0.312,0.312,nan,nan,nan,
0.292,0.312,0.359,nan,nan,nan,0.335,0.316,nan,0.385,
nan,0.312,0.438,nan,nan,0.250,0.321,0.393,0.337,0.286,
