21.000,1.500,82.920,91.317,108.900,79.435,184.600,246.000,0.000,116.167,
165.000,0.000,137.400,75.545,147.750,79.853,171.500,60.500,66.900,103.125,
86.308,178.500,47.571,116.333,157.000,144.000,0.000,162.000,102.360,124.286,
182.667,nan,80.750,123.214,0.000,0.000,83.438,99.774,210.000,53.000,
79.125,93.375,76.125,36.000,8.000,nan,0.000,nan,0.000,78.000,
21.000,127.333,51.600,42.000,169.286,44.200,223.200,81.000,22.000,144.000,
0.000,125.000,nan,nan,85.500,93.231,71.270,125.400,0.000,117.000,
105.714,217.500,0.000,nan,nan,107.053,95.714,188.500,nan,154.000,
103.826,66.300,154.200,123.000,104.500,90.462,72.714,125.294,0.000,141.545,
121.050,66.600,102.750,161.455,6.000,30.462,170.143,159.000,nan,0.000,
