0.359,0.326,0.370,0.322,0.250,nan,0.350,nan,nan,0.375,
nan,0.338,0.367,0.336,0.350,0.438,0.310,0.312,nan,0.500,
nan,nan,0.375,0.375,0.317,nan,nan,0.319,0.386,0.338,
0.339,nan,0.406,0.331,0.219,nan,0.386,0.339,0.331,0.333,
0.380,0.336,0.375,0.344,0.402,0.375,0.417,0.344,0.375,0.243,
0.326,0.333,0.438,0.359,0.352,0.366,nan,0.359,0.354,0.339,
0.312,0.359,0.438,0.338,0.370,0.297,nan,0.312,nan,0.333,
0.333,nan,0.281,0.349,0.300,0.438,0.359,0.307,0.389,0.412,
0.302,0.312,0.321,0.287,0.250,0.266,0.382,0.333,0.188,0.347,
0.438,0.330,0.384,0.400,0.312,nan,0.375,nan,nan,0.350,
