0.438,0.250,0.330,nan,0.298,0.417,0.325,nan,nan,0.359,
nan,nan,0.312,0.358,0.328,0.341,0.325,0.344,0.325,0.250,
nan,nan,0.188,0.330,0.333,0.413,nan,0.312,0.344,nan,
nan,0.500,0.308,0.384,0.323,0.438,0.371,0.125,nan,nan,
nan,nan,0.312,0.312,0.335,0.322,0.338,nan,nan,nan,
0.375,0.347,0.219,0.342,0.340,0.318,0.329,0.375,nan,nan,
nan,0.358,0.375,0.297,0.301,0.348,0.338,nan,nan,nan,
0.292,0.351,0.331,0.297,nan,nan,0.438,nan,nan,nan,
0.312,0.330,0.342,0.287,nan,0.375,0.275,nan,nan,0.125,
0.359,0.312,0.422,nan,nan,nan,nan,0.427,0.341,0.309,
