0.438,0.323,0.339,0.350,0.312,nan,nan,nan,nan,nan,
0.312,0.312,0.328,0.323,0.398,0.375,0.375,0.302,0.271,nan,
nan,0.250,0.292,0.438,0.297,0.302,0.425,0.386,0.234,nan,
nan,0.271,0.312,0.250,0.353,0.354,0.438,0.328,0.391,nan,
0.281,0.318,0.420,0.312,0.359,0.308,0.358,0.297,0.312,nan,
0.375,0.266,0.372,0.352,0.396,0.335,0.345,0.336,0.258,0.250,
0.318,0.396,0.287,nan,0.375,0.352,0.342,0.306,0.307,0.250,
0.422,0.188,nan,0.312,0.312,0.387,0.327,0.292,nan,nan,
0.350,nan,nan,0.312,0.391,0.375,0.375,nan,nan,0.344,
0.422,0.356,0.365,0.323,0.458,nan,nan,nan,nan,nan,
