nan,0.362,0.367,0.281,nan,nan,0.287,0.292,0.290,0.188,
0.384,0.312,0.350,0.324,0.323,0.458,0.362,0.286,0.312,nan,
0.375,nan,nan,0.332,0.500,nan,nan,nan,nan,nan,
0.285,nan,nan,0.325,0.365,0.341,0.406,0.188,nan,nan,
0.188,0.375,0.425,0.229,0.353,0.323,0.250,0.344,nan,nan,
0.312,0.354,0.312,0.338,0.331,0.335,0.367,0.424,0.375,nan,
0.375,0.385,0.359,0.319,0.345,0.332,0.331,0.331,nan,nan,
0.325,0.324,0.331,0.362,0.344,0.301,0.271,0.438,nan,nan,
0.312,0.330,0.327,0.250,0.469,0.500,0.250,0.364,0.438,0.375,
0.312,0.281,0.354,0.375,nan,nan,0.500,nan,0.241,0.354,
