nan,nan,0.352,0.438,0.412,0.375,0.332,0.346,0.312,0.302,
nan,nan,0.391,0.388,0.273,0.338,0.330,0.368,0.372,0.375,
nan,0.344,nan,0.393,0.300,0.302,0.354,0.312,nan,nan,
0.357,0.322,0.357,0.324,0.346,0.354,0.285,0.417,0.281,0.229,
0.375,0.359,0.312,0.327,0.391,0.250,0.292,0.391,0.298,0.625,
0.321,0.340,0.321,0.414,0.188,0.396,0.188,0.321,0.344,0.562,
0.312,0.358,0.312,0.327,0.438,0.362,0.312,0.375,0.188,nan,
nan,0.365,0.287,0.359,0.293,0.375,0.300,0.375,0.354,nan,
nan,nan,0.312,0.316,0.364,0.250,0.337,0.326,0.321,0.344,
nan,nan,0.349,0.298,0.250,0.263,0.352,0.324,0.330,0.381,
