nan,0.300,nan,0.292,0.258,0.301,0.326,0.362,0.312,nan,
0.208,0.250,0.458,0.352,0.356,0.521,0.375,0.312,nan,nan,
0.250,0.371,0.316,0.342,0.312,0.281,0.429,0.312,nan,nan,
0.312,0.323,nan,0.304,0.281,0.250,0.319,0.319,0.500,0.302,
0.323,0.396,0.438,nan,nan,nan,0.312,0.332,0.359,0.339,
0.330,0.364,0.250,0.125,0.354,0.250,nan,0.338,0.355,0.355,
0.286,0.323,0.208,0.329,0.188,0.289,0.346,0.375,0.319,0.410,
0.329,0.406,0.375,0.354,nan,0.281,0.327,0.363,0.338,0.312,
0.333,nan,0.298,0.312,0.406,0.356,0.339,0.375,0.375,0.406,
nan,nan,0.362,0.339,0.312,0.325,0.396,0.292,0.371,0.125,
