0.469,0.316,0.271,0.250,0.312,0.368,0.250,0.375,0.323,0.349,
nan,0.375,0.188,nan,0.312,0.344,0.375,0.500,0.312,0.271,
nan,nan,nan,0.438,0.438,0.347,0.336,0.351,0.375,nan,
nan,0.333,0.317,0.337,0.341,0.273,0.327,0.393,nan,nan,
0.469,0.427,0.329,0.336,0.302,0.312,0.344,0.312,nan,nan,
nan,0.281,0.326,0.316,0.307,0.347,0.348,0.383,nan,nan,
0.562,0.375,0.364,0.343,0.260,0.300,0.330,0.336,nan,nan,
0.250,0.276,0.375,0.333,nan,0.312,0.292,0.156,nan,nan,
0.344,0.341,nan,nan,nan,0.330,0.281,0.375,0.344,0.338,
0.312,0.375,0.438,nan,nan,nan,0.250,0.299,0.312,0.385,
