0.375,0.347,0.375,0.364,0.338,0.250,nan,nan,nan,nan,
0.250,0.250,nan,nan,nan,nan,nan,nan,nan,nan,
nan,0.375,0.354,0.312,0.357,0.500,nan,0.286,nan,nan,
0.312,0.375,0.305,0.344,0.333,0.375,0.323,0.297,0.328,0.188,
0.312,0.293,0.388,0.318,0.304,0.339,0.349,0.375,0.356,0.396,
0.312,0.312,0.319,0.354,0.312,0.356,0.371,0.301,0.271,nan,
0.271,0.250,0.333,nan,0.369,0.345,0.379,0.297,0.306,0.312,
nan,0.438,nan,0.354,0.324,0.345,0.308,0.320,0.321,nan,
nan,0.406,0.350,0.285,0.375,0.292,0.345,0.366,0.389,nan,
nan,0.333,0.349,0.371,0.385,nan,0.263,nan,nan,nan,
