nan,nan,0.375,0.438,0.354,0.330,0.318,0.321,0.355,0.406,
nan,nan,0.250,nan,0.250,0.350,0.281,0.325,0.319,0.312,
0.271,nan,nan,0.188,0.312,0.341,0.385,0.312,nan,0.260,
0.336,0.322,0.281,0.335,0.333,0.359,0.354,0.326,0.500,0.322,
0.292,0.406,0.375,0.308,0.312,0.250,0.362,0.287,0.344,0.361,
0.312,0.366,0.250,0.312,0.368,nan,0.375,0.281,0.316,nan,
nan,0.328,0.363,0.326,nan,0.412,0.318,0.350,0.366,nan,
nan,0.312,0.329,0.300,0.375,0.625,nan,0.438,0.334,0.375,
nan,0.312,0.438,0.357,0.344,nan,nan,0.305,0.336,0.500,
0.500,nan,0.208,0.344,0.351,0.365,0.347,0.364,0.321,0.324,
