nan,0.258,0.344,0.355,nan,0.339,0.341,0.312,0.310,nan,
nan,nan,0.323,0.387,0.387,0.304,0.290,0.344,0.294,nan,
nan,0.306,0.258,0.290,0.348,0.347,0.331,0.331,nan,nan,
0.323,0.294,0.409,0.296,0.315,0.330,0.365,0.271,nan,nan,
0.323,0.313,0.313,0.311,0.323,0.290,0.332,0.355,0.339,0.323,
0.344,0.326,0.346,0.366,0.387,0.319,0.319,0.326,0.374,nan,
0.242,0.335,0.336,0.330,0.355,0.321,0.323,0.339,nan,nan,
nan,0.349,0.341,0.329,0.329,0.323,0.306,0.361,nan,0.323,
0.355,nan,0.281,0.334,0.306,0.306,0.348,0.324,0.359,0.330,
nan,nan,0.362,0.355,0.319,0.306,0.339,0.343,0.319,0.323,
