nan,0.330,0.292,0.375,nan,0.438,0.344,0.400,0.293,0.188,
0.406,nan,0.367,0.362,0.301,0.312,0.304,0.306,0.250,nan,
nan,nan,nan,0.351,0.266,0.250,nan,nan,nan,nan,
nan,nan,nan,0.331,0.302,0.315,0.297,nan,nan,nan,
nan,nan,0.312,0.341,0.340,0.312,0.188,nan,nan,nan,
0.250,0.256,0.339,0.287,0.331,0.358,0.362,nan,nan,nan,
0.336,0.250,0.340,0.326,0.340,0.333,0.312,0.188,nan,0.406,
0.379,0.339,0.341,0.296,0.384,0.292,0.203,0.391,nan,0.438,
nan,0.367,0.241,nan,nan,0.250,0.322,0.333,0.344,nan,
nan,0.260,0.304,0.250,nan,nan,0.250,0.250,0.318,0.312,
