nan,0.000,71.333,110.386,55.500,20.500,72.429,112.059,70.696,130.615,
0.000,115.125,66.500,85.000,104.800,147.000,88.714,138.000,22.000,0.000,
108.000,142.667,167.727,84.643,75.000,0.000,0.000,116.217,122.538,33.000,
92.613,43.500,0.000,56.000,59.571,165.273,91.500,93.385,70.250,99.500,
90.429,135.000,nan,0.000,69.000,83.769,41.143,150.000,83.000,160.500,
91.875,151.125,0.000,118.000,129.130,58.333,98.000,91.800,60.667,59.100,
148.800,6.000,95.760,78.000,0.000,92.250,54.818,106.935,0.000,60.000,
nan,75.429,0.000,52.500,90.240,182.625,0.000,85.091,0.000,26.000,
126.000,nan,133.364,141.000,70.200,61.000,126.000,23.571,90.500,92.000,
nan,0.000,88.091,104.500,234.000,117.000,118.286,121.200,99.333,87.692,
