nan,nan,0.391,0.272,0.302,0.250,0.330,0.281,0.344,0.312,
nan,nan,nan,0.445,nan,nan,0.321,0.339,nan,nan,
nan,nan,nan,nan,nan,0.312,0.330,0.344,nan,nan,
0.219,nan,0.312,0.250,0.269,0.383,0.328,0.312,nan,nan,
0.323,0.400,0.354,0.320,0.312,0.304,0.312,0.500,0.312,nan,
0.250,0.339,0.352,0.351,0.337,0.340,0.438,0.341,0.357,0.375,
0.417,0.315,0.321,0.338,0.366,0.329,0.288,0.312,nan,0.323,
0.368,0.362,0.323,0.342,0.326,0.316,0.292,nan,nan,0.406,
0.375,0.304,0.287,0.324,0.339,0.299,0.275,0.348,0.344,nan,
0.188,0.375,0.320,0.326,0.338,0.250,0.292,0.354,0.359,0.305,
