nan,nan,0.394,0.323,0.328,0.341,0.309,0.328,0.335,0.290,
nan,nan,0.290,nan,0.339,0.324,0.427,0.303,0.345,0.452,
0.366,nan,nan,0.452,0.376,0.339,0.358,0.387,nan,0.360,
0.343,0.341,0.320,0.315,0.337,0.332,0.326,0.327,0.258,0.324,
0.341,0.435,0.258,0.329,0.398,0.387,0.316,0.297,0.339,0.344,
0.258,0.323,0.473,0.323,0.294,nan,0.355,0.306,0.324,nan,
nan,0.320,0.327,0.326,nan,0.323,0.349,0.258,0.387,nan,
nan,0.323,0.328,0.342,0.352,0.290,nan,0.290,0.321,0.290,
nan,0.419,0.366,0.340,0.330,nan,nan,0.327,0.359,0.323,
0.452,nan,0.398,0.403,0.338,0.323,0.344,0.337,0.316,0.328,
