nan,0.344,0.269,0.271,0.323,0.312,0.348,0.342,0.384,0.417,
nan,nan,0.312,0.438,0.359,0.338,nan,0.333,0.366,0.361,
0.337,nan,0.312,0.188,0.562,0.344,0.300,0.312,0.229,0.312,
0.350,0.335,0.312,0.317,0.361,0.305,0.324,0.361,0.304,0.426,
0.378,0.325,nan,0.250,0.292,0.266,0.362,0.312,0.375,0.346,
nan,nan,0.438,nan,0.381,0.375,0.324,0.326,0.344,0.365,
0.250,0.348,0.348,0.300,0.275,0.324,0.338,0.310,0.438,nan,
nan,nan,0.323,0.338,0.344,0.354,nan,0.325,0.375,nan,
nan,nan,0.386,0.291,0.346,0.344,nan,0.330,0.299,0.312,
0.438,0.312,0.344,0.319,0.297,0.356,0.336,0.325,0.340,0.325,
