nan,88.500,173.571,103.000,nan,168.000,99.000,0.000,nan,162.429,
nan,0.000,0.000,0.000,41.700,111.545,127.714,84.900,88.200,216.000,
nan,nan,nan,0.000,35.571,63.750,0.000,128.538,148.500,nan,
nan,67.364,56.455,115.125,105.750,55.500,111.828,nan,0.000,nan,
nan,15.000,75.188,137.407,129.164,101.419,59.250,nan,nan,nan,
28.500,63.667,80.556,111.025,68.674,117.971,119.250,79.667,nan,nan,
0.000,100.800,114.462,194.864,119.600,110.600,140.357,0.000,nan,nan,
0.000,115.111,144.000,69.000,0.000,80.250,108.000,0.000,nan,nan,
98.500,92.038,66.600,0.000,nan,nan,113.382,159.000,nan,132.000,
84.000,67.000,0.000,nan,nan,nan,142.000,110.500,176.400,84.000,
