0.299,0.279,0.315,0.368,0.295,0.327,0.322,nan,0.348,0.282,
0.500,0.375,0.312,0.351,0.331,0.362,0.338,0.285,0.362,0.375,
0.354,0.250,0.312,0.375,nan,0.325,0.321,0.301,0.321,nan,
0.371,0.335,0.333,0.062,nan,0.281,0.327,0.359,0.438,0.319,
0.338,0.375,0.312,0.302,nan,nan,0.297,0.375,0.347,0.321,
0.188,0.364,0.328,0.358,0.354,0.312,0.375,0.319,0.344,nan,
nan,0.332,0.312,0.312,0.438,0.295,0.288,0.359,nan,nan,
0.312,0.188,0.562,nan,nan,0.312,0.281,0.367,0.271,nan,
0.302,0.368,0.297,0.305,0.388,0.328,0.326,0.301,0.391,0.438,
0.326,0.461,0.312,0.301,0.323,0.287,0.354,nan,0.438,0.312,
