nan,0.353,0.315,0.458,nan,nan,0.188,0.250,nan,0.352,
nan,nan,0.271,nan,0.297,0.381,0.188,nan,nan,nan,
nan,nan,0.562,0.125,0.250,0.356,0.301,0.312,0.333,0.188,
nan,nan,0.306,0.375,0.312,0.345,0.358,0.350,nan,nan,
nan,0.250,0.303,0.322,0.321,0.351,0.275,0.359,nan,nan,
nan,0.250,0.319,0.328,0.332,0.344,0.335,0.312,nan,nan,
nan,nan,0.375,0.311,0.352,0.458,0.355,0.271,0.250,nan,
0.326,0.375,nan,nan,nan,0.188,0.359,nan,nan,nan,
0.354,0.292,nan,nan,nan,0.312,0.369,0.383,0.469,0.312,
0.406,0.438,0.289,nan,nan,nan,nan,0.359,0.321,0.344,
