44.400,112.703,138.255,180.375,nan,149.143,0.000,0.000,90.750,71.400,
nan,93.000,110.000,0.000,146.000,51.706,0.000,206.400,0.000,nan,
nan,3.750,0.000,0.000,132.000,128.769,102.400,63.000,186.600,nan,
0.000,83.455,130.629,182.700,139.571,103.500,57.261,128.211,3.000,nan,
nan,116.769,107.400,131.647,65.667,66.714,108.900,124.200,nan,nan,
nan,92.571,79.227,132.469,151.364,99.500,121.818,127.385,0.000,nan,
nan,nan,78.000,61.375,54.000,150.000,160.154,155.727,0.000,nan,
168.000,0.000,0.000,54.429,nan,0.000,102.000,83.250,nan,0.000,
94.200,212.000,22.500,nan,nan,259.800,0.000,37.000,0.000,79.500,
0.000,77.000,76.714,0.000,nan,nan,0.000,100.250,83.368,141.214,
