nan,142.286,135.000,99.000,nan,0.000,106.350,109.800,175.615,132.000,
119.000,nan,75.000,72.000,108.750,102.750,146.143,143.100,155.000,nan,
nan,nan,nan,120.231,103.500,0.000,nan,nan,nan,nan,
nan,nan,nan,101.100,90.375,117.857,321.750,nan,nan,nan,
nan,nan,128.812,146.750,195.667,93.143,0.000,nan,nan,nan,
0.000,90.300,77.571,109.622,95.446,112.880,114.643,nan,nan,nan,
77.111,107.400,89.000,133.667,103.423,80.571,97.371,45.000,nan,51.000,
57.400,101.000,138.818,118.800,83.571,71.000,75.000,60.000,nan,87.000,
nan,134.739,216.429,nan,nan,10.000,95.100,182.000,213.000,nan,
nan,24.000,173.143,184.000,nan,nan,38.000,0.000,151.000,123.667,
