0.290,0.355,0.379,0.210,0.318,0.363,0.346,nan,nan,0.355,
nan,nan,nan,0.369,0.383,0.329,0.339,0.327,0.339,0.548,
nan,nan,0.366,0.381,0.338,0.284,nan,0.333,0.346,nan,
nan,0.339,0.321,0.329,0.328,0.333,0.311,0.323,nan,nan,
nan,0.366,0.326,0.347,0.329,0.367,0.295,0.484,nan,nan,
0.484,0.359,0.345,0.331,0.340,0.336,0.326,0.287,nan,nan,
0.290,0.340,0.302,0.326,0.321,0.334,0.306,nan,nan,nan,
0.351,0.364,0.326,0.343,0.290,0.376,0.290,nan,nan,nan,
0.379,0.320,0.315,0.315,nan,0.290,0.343,0.210,nan,0.323,
0.387,0.419,0.258,nan,0.323,nan,0.548,0.327,0.274,0.327,
