nan,0.346,0.330,0.394,0.250,nan,nan,nan,nan,nan,
nan,0.188,0.312,0.438,0.344,0.350,nan,0.375,nan,nan,
nan,nan,0.295,nan,0.353,0.336,0.312,0.368,0.438,nan,
nan,0.438,0.359,0.412,0.298,0.357,0.344,0.372,0.366,nan,
nan,0.258,0.323,0.333,0.367,0.312,0.332,0.329,0.351,nan,
nan,0.375,0.301,nan,0.344,0.333,0.335,0.356,0.406,0.188,
0.312,0.375,0.438,nan,0.273,0.343,0.330,0.310,0.366,0.458,
0.188,nan,0.312,0.438,0.343,0.342,0.323,0.286,0.326,0.312,
nan,0.375,0.412,0.406,nan,0.333,0.346,0.396,0.375,nan,
0.375,0.372,0.358,0.365,0.300,nan,0.188,0.375,nan,nan,
