0.000,158.000,62.143,66.600,87.000,141.391,100.385,179.000,nan,nan,
115.800,83.526,116.455,118.655,12.750,117.000,88.909,0.000,nan,nan,
36.375,132.000,103.889,150.677,93.429,0.000,252.000,53.679,51.000,0.000,
nan,137.308,49.000,nan,0.000,62.077,94.620,106.500,147.000,53.333,
157.500,119.333,14.250,nan,30.000,64.000,54.000,82.286,64.286,169.269,
153.714,141.750,10.500,69.000,133.929,0.000,nan,78.750,169.154,116.438,
113.850,90.000,0.000,91.000,82.000,2.000,145.500,87.467,76.800,110.800,
131.000,0.000,0.000,0.000,0.000,nan,119.250,83.000,18.000,134.143,
nan,13.000,144.300,144.000,126.000,69.545,86.800,109.429,0.000,234.000,
nan,nan,66.000,165.677,0.000,210.000,121.500,24.000,139.091,0.000,
