nan,0.375,0.389,0.438,0.304,0.438,0.352,0.384,0.354,0.305,
nan,nan,0.422,0.332,0.392,0.309,0.326,0.354,0.318,0.219,
nan,0.312,0.333,0.333,0.326,0.312,0.281,0.354,nan,nan,
nan,nan,0.250,0.250,0.320,0.323,0.325,0.375,nan,nan,
nan,nan,0.340,0.351,0.350,0.273,0.379,0.625,nan,nan,
nan,nan,0.319,0.336,0.336,0.289,0.343,0.359,nan,0.438,
0.312,0.340,0.287,0.349,0.332,0.299,0.382,0.469,nan,0.531,
0.312,0.332,0.354,0.319,0.346,nan,0.188,nan,0.406,nan,
0.323,0.308,0.361,0.281,0.375,nan,0.321,0.321,0.312,0.250,
0.188,0.312,0.326,0.469,0.375,nan,nan,0.417,0.312,0.333,
