nan,0.312,0.261,0.237,0.362,0.172,0.287,0.327,0.338,0.244,
0.312,nan,nan,0.312,nan,0.375,nan,0.312,0.375,0.329,
0.344,0.188,0.344,0.344,0.375,0.327,0.365,0.350,0.325,0.312,
0.315,0.329,0.312,0.312,0.333,0.333,0.319,0.345,0.327,0.351,
0.342,0.350,0.312,0.353,0.375,0.398,0.188,0.312,0.357,0.329,
0.344,0.312,0.219,0.344,0.307,0.562,0.388,0.342,0.356,nan,
nan,0.325,0.337,0.300,nan,nan,0.300,0.375,0.375,nan,
nan,0.375,0.389,0.375,0.333,0.344,0.375,0.326,0.312,nan,
nan,nan,0.281,0.295,0.341,0.219,0.375,0.294,0.402,0.375,
nan,0.375,0.331,nan,0.321,0.406,0.312,0.351,0.342,0.297,
