0.326,0.344,0.302,0.340,0.317,0.338,0.286,0.417,0.352,0.325,
0.385,0.354,0.297,0.225,nan,0.310,0.306,0.188,0.332,0.336,
0.393,0.562,0.271,0.308,0.125,0.333,nan,0.340,0.266,0.344,
0.325,0.344,0.362,nan,nan,0.438,0.344,0.309,0.375,nan,
0.365,0.344,nan,0.292,nan,nan,nan,0.344,0.323,0.271,
0.312,0.354,0.339,0.479,0.344,0.351,0.300,0.401,0.321,0.302,
0.406,0.389,nan,nan,0.312,0.368,0.293,nan,0.250,nan,
0.312,0.188,0.500,0.281,0.350,0.330,0.358,0.312,nan,nan,
0.375,0.307,0.312,0.267,0.329,0.321,0.354,0.339,nan,nan,
0.317,0.344,0.263,0.335,0.297,0.328,0.333,0.339,0.438,0.229,
