nan,0.347,0.370,0.250,nan,nan,0.469,0.250,nan,0.328,
nan,nan,0.333,nan,0.266,0.341,0.562,nan,nan,nan,
nan,nan,0.250,0.375,0.375,0.293,0.344,0.300,0.250,0.562,
nan,nan,0.381,0.305,0.369,0.336,0.322,0.346,nan,nan,
nan,0.375,0.372,0.363,0.308,0.361,0.338,0.359,nan,nan,
nan,0.375,0.339,0.334,0.326,0.328,0.342,0.365,nan,nan,
nan,nan,0.292,0.362,0.266,0.250,0.357,0.354,0.438,nan,
0.333,0.308,nan,nan,nan,0.500,0.391,nan,nan,nan,
0.333,0.385,nan,nan,nan,0.345,0.312,0.312,0.281,0.292,
0.188,0.281,0.352,nan,nan,nan,nan,0.266,0.411,0.331,
