0.381,0.359,0.307,0.321,0.299,0.388,0.345,0.308,0.325,0.279,
0.250,nan,0.375,0.306,0.395,0.359,0.334,0.281,0.219,0.356,
0.375,0.406,nan,nan,0.335,0.350,0.562,0.357,0.322,0.339,
0.334,0.250,nan,0.292,0.375,nan,0.278,0.312,0.323,0.321,
0.240,0.312,0.370,nan,nan,nan,0.344,0.469,nan,0.375,
0.359,0.342,0.312,0.344,0.344,0.319,0.319,0.312,0.375,0.370,
0.396,0.331,0.438,0.375,0.381,0.328,0.312,0.353,0.312,0.298,
0.307,0.302,0.531,nan,0.312,0.332,0.284,0.324,0.250,0.362,
0.369,0.317,0.312,0.391,0.312,0.312,0.321,0.286,nan,0.338,
0.323,0.350,0.312,0.316,0.438,nan,0.342,0.306,nan,0.281,
