nan,0.406,0.370,0.293,0.250,0.301,0.329,0.324,nan,nan,
0.328,0.411,0.356,0.329,0.385,0.312,0.327,0.406,nan,0.312,
0.396,0.375,0.343,0.347,0.333,nan,0.333,0.333,0.312,nan,
0.188,0.333,0.352,0.338,0.367,0.264,0.329,0.323,0.322,0.258,
0.326,0.356,0.323,0.302,0.344,0.396,0.301,0.289,0.323,0.277,
0.310,0.391,0.375,0.354,0.403,0.333,0.362,0.219,0.361,0.332,
0.327,0.380,0.328,0.338,0.283,0.266,0.438,0.188,nan,0.344,
0.438,nan,nan,0.438,0.312,nan,0.410,0.371,0.312,0.336,
nan,nan,nan,0.285,0.309,0.333,0.288,0.368,0.312,nan,
nan,0.500,0.250,0.400,0.292,0.438,0.346,0.438,0.312,0.250,
