nan,0.362,nan,0.278,0.383,0.369,0.362,0.272,0.333,nan,
0.302,0.354,0.229,0.339,0.312,0.167,0.156,0.250,nan,nan,
0.188,0.359,0.336,0.324,0.394,0.250,0.277,0.365,nan,nan,
0.188,0.281,nan,0.393,0.281,0.312,0.350,0.365,0.438,0.323,
0.338,0.318,0.562,nan,nan,nan,0.330,0.308,0.296,0.309,
0.371,0.358,0.312,0.312,0.375,0.406,nan,0.319,0.307,0.317,
0.326,0.310,0.271,0.329,0.312,0.312,0.327,0.334,0.333,0.292,
0.327,0.250,0.312,0.438,nan,0.281,0.365,0.348,0.362,0.309,
0.333,nan,0.312,0.356,0.438,0.319,0.348,0.375,0.312,0.250,
nan,nan,0.338,0.349,0.417,0.300,0.354,0.167,0.312,0.188,
