0.339,0.290,0.331,0.338,0.258,0.419,0.331,0.317,0.419,nan,
0.306,0.336,0.306,0.341,0.301,0.266,0.321,0.387,0.355,0.371,
0.406,0.387,0.331,0.340,0.210,nan,0.277,0.329,0.346,0.302,
0.344,nan,0.304,0.333,0.271,0.194,0.330,0.331,0.334,0.367,
0.348,0.361,0.297,0.359,0.298,0.296,0.314,0.352,0.367,0.329,
0.359,0.328,0.419,0.346,0.287,0.374,0.452,0.387,0.274,0.341,
0.342,0.276,0.320,0.272,0.320,0.315,0.274,0.452,0.226,0.306,
0.290,nan,0.484,0.355,0.323,nan,0.323,0.337,0.316,0.349,
nan,nan,0.323,0.332,0.351,0.301,0.341,0.369,0.376,0.387,
0.341,0.419,nan,0.194,0.290,nan,0.352,0.323,0.302,0.355,
