nan,0.375,0.349,0.312,nan,0.375,0.332,0.375,0.284,nan,
nan,nan,0.188,0.406,0.297,0.273,0.268,0.323,0.326,0.375,
nan,0.383,nan,0.344,0.312,0.293,0.361,0.219,0.312,nan,
0.375,0.306,0.375,0.406,0.364,0.354,0.394,0.352,0.312,0.375,
0.188,0.365,0.318,0.307,0.344,0.287,0.396,nan,0.273,nan,
0.344,0.327,0.302,0.287,nan,0.338,0.388,0.318,0.344,nan,
nan,0.370,0.343,0.366,0.375,0.369,0.333,0.203,0.375,nan,
nan,0.308,0.331,0.296,0.312,0.250,0.318,nan,nan,nan,
nan,nan,0.425,0.345,0.358,0.406,0.338,0.337,0.375,0.438,
nan,0.375,0.344,0.335,0.312,0.338,0.321,0.328,0.326,0.302,
