0.321,0.368,0.323,0.354,0.352,0.335,0.276,nan,nan,0.361,
0.339,0.324,0.339,0.316,0.335,0.363,0.345,0.366,0.319,0.308,
0.329,0.355,0.316,0.320,nan,0.284,0.339,0.347,0.339,0.371,
0.341,0.358,0.290,0.312,nan,nan,0.210,0.345,0.332,0.274,
0.315,nan,0.323,0.333,nan,0.387,0.312,0.304,0.338,0.378,
0.226,0.346,0.309,0.344,0.347,0.352,0.361,0.295,0.366,0.382,
nan,0.333,nan,nan,0.280,0.332,0.294,0.312,nan,0.290,
0.327,0.387,nan,0.344,0.274,0.311,0.310,0.242,nan,nan,
0.290,0.327,0.355,0.323,0.303,0.362,0.331,0.376,nan,0.323,
0.355,0.355,0.355,0.339,0.344,0.298,0.242,0.353,nan,0.366,
