59.143,96.391,80.800,139.400,21.600,24.500,51.000,0.000,nan,108.000,
nan,168.000,108.750,118.800,58.200,12.000,80.325,72.750,0.000,nan,
nan,nan,0.000,137.667,110.400,36.000,28.500,132.136,90.750,66.750,
127.667,nan,0.000,107.000,0.000,nan,126.214,118.410,116.625,75.000,
264.000,66.750,138.000,84.000,104.250,208.000,42.000,100.636,132.000,216.000,
153.000,114.600,0.000,211.000,161.375,115.200,nan,0.000,153.000,117.833,
0.000,122.143,0.000,66.000,103.841,113.769,82.500,15.000,0.000,126.000,
80.143,39.000,nan,183.214,95.400,36.500,52.500,103.556,115.800,51.414,
103.500,nan,75.000,113.690,18.000,153.000,246.000,199.500,64.000,122.636,
14.062,154.875,55.875,26.000,36.429,28.636,83.077,0.000,0.000,nan,
