nan,0.250,0.350,0.346,0.292,nan,0.295,0.334,0.304,0.347,
0.188,0.263,0.336,0.344,0.323,0.344,0.375,0.326,0.281,0.375,
0.406,0.375,nan,0.396,0.312,0.339,0.287,0.344,0.438,0.292,
0.346,0.412,nan,0.361,0.312,0.347,0.277,0.366,0.338,0.302,
0.354,0.350,nan,0.271,0.287,0.271,0.188,0.338,0.250,0.315,
0.328,0.306,0.469,0.354,0.375,0.300,0.361,0.402,0.302,0.312,
0.344,0.344,0.344,0.312,0.406,0.250,0.335,0.307,0.250,0.292,
0.438,nan,nan,0.358,0.328,0.304,nan,0.271,nan,0.438,
nan,nan,0.312,0.278,0.326,0.350,0.188,0.438,0.312,0.312,
0.500,nan,0.385,0.364,0.312,0.312,0.312,0.321,0.340,0.344,
