nan,0.125,0.403,0.303,0.328,0.323,0.339,0.333,0.312,0.380,
0.250,0.391,0.339,0.382,0.329,0.250,0.411,0.412,0.250,0.312,
0.292,0.319,0.301,0.333,0.348,0.438,0.438,0.299,0.337,0.427,
0.339,0.344,0.250,0.326,0.259,0.301,0.375,0.311,0.339,0.328,
0.286,0.406,nan,0.562,0.400,0.332,0.375,0.312,0.361,0.341,
0.328,0.312,0.500,0.323,0.323,0.285,0.319,0.358,0.271,0.375,
0.388,0.354,0.355,0.266,0.375,0.266,0.341,0.319,0.562,0.375,
nan,0.312,0.271,0.406,0.385,0.336,0.312,0.364,0.375,0.438,
0.271,nan,0.420,0.370,0.312,0.302,0.344,0.375,0.219,0.312,
nan,0.562,0.369,0.310,0.312,0.250,0.344,0.369,0.301,0.298,
