nan,nan,0.318,0.317,0.355,0.316,0.324,0.355,0.581,nan,
0.318,0.355,0.326,0.341,0.349,0.328,0.310,0.313,nan,nan,
0.329,0.305,0.345,0.315,0.378,0.355,0.303,0.290,0.194,nan,
nan,0.320,0.302,0.341,0.304,0.315,0.338,0.347,0.331,0.344,
0.333,0.379,0.301,0.387,0.366,0.366,0.352,0.364,0.321,0.308,
0.319,0.387,0.323,0.355,0.339,0.347,0.290,0.339,0.323,0.341,
0.366,0.362,0.368,0.364,0.310,0.344,0.306,0.332,0.328,0.323,
0.318,nan,0.258,0.274,nan,nan,0.435,0.324,0.339,0.346,
nan,nan,0.320,0.258,0.430,0.344,0.376,0.335,0.301,0.355,
nan,nan,0.306,0.336,0.337,0.376,0.333,0.323,0.308,0.285,
