nan,nan,0.312,0.250,0.354,0.321,0.330,0.349,0.316,0.375,
nan,nan,0.500,nan,0.281,0.310,0.219,0.350,0.319,0.125,
0.250,nan,nan,0.250,0.312,0.326,0.323,0.375,nan,0.344,
0.333,0.339,0.349,0.364,0.389,0.340,0.307,0.347,0.438,0.326,
0.292,0.188,0.344,0.315,0.257,0.125,0.312,0.375,0.250,0.344,
0.625,0.375,0.292,0.562,0.410,nan,0.375,0.312,0.295,nan,
nan,0.352,0.276,0.347,nan,0.362,0.333,0.362,0.357,nan,
nan,0.312,0.337,0.350,0.331,0.500,nan,0.312,0.356,0.438,
nan,0.125,0.375,0.331,0.298,nan,nan,0.305,0.297,0.375,
0.125,nan,0.312,0.219,0.351,0.240,0.340,0.329,0.359,0.382,
