nan,0.417,0.335,0.366,nan,0.250,0.327,0.278,0.438,nan,
0.321,0.324,0.321,0.340,0.344,0.330,0.388,0.312,nan,nan,
0.338,0.396,0.330,0.325,nan,nan,0.250,0.319,0.356,0.312,
0.312,0.438,0.320,0.351,0.300,nan,0.336,0.340,0.364,0.312,
0.312,0.295,0.312,0.350,0.364,0.328,0.365,0.379,0.356,0.344,
0.332,0.364,0.479,0.323,0.351,0.321,0.281,0.375,0.281,0.294,
0.340,0.384,0.347,0.312,0.340,0.283,0.312,0.438,nan,0.463,
nan,0.438,nan,0.367,0.406,nan,0.500,0.323,0.400,0.307,
nan,nan,0.500,0.359,0.328,0.375,0.337,0.250,0.312,0.292,
0.304,0.312,0.438,0.312,0.562,0.438,0.326,0.354,0.341,0.414,
