0.308,0.290,0.262,0.338,0.397,0.334,0.329,0.250,0.219,0.334,
0.375,0.375,0.359,0.342,0.365,0.318,0.333,0.401,0.344,0.279,
0.375,nan,0.438,0.312,nan,0.412,0.350,0.341,0.308,0.297,
0.314,0.312,0.328,nan,nan,0.188,0.344,0.338,0.354,0.375,
nan,nan,nan,0.333,0.375,nan,nan,0.375,0.312,nan,
0.326,0.295,0.368,0.337,0.271,0.406,0.375,0.307,0.312,0.338,
0.250,0.302,0.296,0.364,0.312,0.317,0.344,0.312,0.312,nan,
0.396,0.312,0.375,nan,nan,0.354,0.323,0.306,0.359,nan,
0.287,0.250,0.324,0.333,0.562,0.352,0.316,0.406,nan,0.312,
0.273,0.340,0.302,0.312,0.264,0.307,0.329,0.406,nan,0.375,
