78.923,53.000,76.688,95.617,81.857,125.114,106.500,258.000,55.333,83.000,
0.000,0.000,60.000,103.565,79.500,98.069,84.375,98.077,87.500,115.091,
27.000,nan,303.000,nan,nan,73.500,120.600,117.486,148.909,0.000,
93.000,57.231,120.600,0.000,nan,0.000,35.526,114.882,0.000,70.500,
0.000,4.000,40.500,nan,nan,0.000,9.000,97.200,104.000,118.500,
183.231,133.909,78.000,116.719,83.000,93.000,nan,141.000,120.750,120.000,
nan,134.400,174.333,170.000,53.000,168.462,84.682,33.000,nan,nan,
0.000,nan,0.000,0.000,0.000,60.000,82.125,71.100,35.500,0.000,
139.737,35.118,225.000,155.471,55.200,117.536,93.220,32.250,nan,0.000,
134.357,70.667,82.182,133.000,116.250,112.500,79.636,168.000,7.000,0.000,
