0.312,0.312,0.312,0.406,0.384,0.344,0.321,nan,nan,0.375,
nan,nan,nan,0.339,0.320,0.339,0.281,0.384,0.359,0.188,
nan,nan,0.271,0.275,0.329,0.425,nan,0.354,0.277,nan,
nan,0.375,0.306,0.328,0.292,0.354,0.352,0.188,nan,nan,
nan,0.333,0.353,0.316,0.350,0.286,0.366,0.250,nan,nan,
0.188,0.308,0.335,0.332,0.323,0.339,0.383,0.375,nan,nan,
0.500,0.355,0.347,0.368,0.326,0.378,0.331,nan,nan,nan,
0.336,0.317,0.275,0.290,0.406,0.333,0.438,nan,nan,nan,
0.250,0.339,0.336,0.281,nan,0.281,0.301,0.281,nan,0.219,
0.250,0.292,0.438,nan,0.312,nan,0.125,0.406,0.219,0.395,
