0.406,0.302,0.327,0.309,0.321,nan,nan,nan,nan,nan,
nan,0.250,0.359,0.323,0.375,0.400,nan,0.312,nan,nan,
nan,nan,0.417,nan,0.259,0.250,0.312,0.320,0.250,nan,
nan,0.295,0.319,0.375,0.339,0.400,0.350,0.361,0.312,nan,
0.396,0.332,0.359,0.388,0.333,0.336,0.347,0.366,0.344,nan,
nan,0.312,0.344,nan,0.362,0.293,0.327,0.324,0.344,nan,
0.354,0.312,0.125,0.281,0.325,0.309,0.337,0.344,0.328,0.312,
nan,nan,nan,0.312,0.336,0.328,0.328,0.298,0.263,nan,
nan,nan,0.367,0.400,0.125,0.391,0.327,0.338,0.338,nan,
nan,0.359,0.339,0.294,0.375,nan,0.531,nan,nan,nan,
