111.000,170.538,119.029,100.147,61.800,109.818,101.786,58.350,101.478,123.667,
nan,0.000,49.500,96.720,140.000,101.045,123.000,153.857,131.700,78.750,
0.000,0.000,0.000,0.000,39.000,100.364,68.250,154.895,150.000,nan,
157.258,87.353,236.400,112.200,0.000,0.000,134.800,96.000,nan,236.000,
104.000,56.400,80.769,61.286,nan,nan,52.000,92.500,104.571,165.000,
87.000,198.600,57.600,127.345,12.000,61.000,210.000,169.750,24.429,20.000,
42.000,155.250,76.688,38.625,0.000,102.789,123.143,48.000,nan,nan,
nan,54.000,15.000,0.000,0.000,30.000,40.500,115.200,nan,nan,
414.000,130.241,66.000,110.182,35.000,98.308,130.059,103.667,120.000,nan,
148.250,82.500,102.000,154.583,75.000,113.400,99.000,0.000,15.462,102.692,
