0.125,0.388,0.365,0.360,0.350,0.500,0.271,0.359,0.242,nan,
nan,0.312,0.250,0.336,0.328,0.375,0.306,0.438,0.188,nan,
0.365,0.312,0.312,0.310,0.250,0.292,0.438,nan,nan,nan,
0.345,nan,0.250,0.344,0.375,0.292,0.328,nan,nan,0.188,
0.500,0.219,0.328,0.368,0.345,0.292,nan,0.312,nan,nan,
0.312,0.317,0.361,0.387,0.320,0.346,0.375,0.309,0.219,0.250,
0.375,0.294,0.266,0.371,0.330,0.334,0.332,0.219,nan,nan,
0.333,0.321,0.337,0.321,0.312,0.347,0.375,nan,nan,nan,
nan,0.266,0.354,0.375,0.469,0.438,0.250,0.356,nan,nan,
nan,0.339,0.250,0.326,0.357,nan,0.353,0.344,0.312,0.156,
