nan,0.250,0.354,0.361,0.354,nan,0.324,0.320,0.339,0.319,
0.438,0.388,0.326,0.297,0.323,0.344,0.438,0.286,0.287,0.312,
0.406,0.188,nan,0.354,0.250,0.286,0.287,0.332,0.125,0.396,
0.326,0.344,nan,0.303,0.338,0.329,0.397,0.336,0.388,0.333,
0.297,0.263,nan,0.354,0.350,0.438,0.500,0.275,0.297,0.345,
0.375,0.354,0.250,0.312,0.383,0.388,0.337,0.357,0.365,0.325,
0.352,0.312,0.358,0.312,0.344,0.306,0.341,0.311,0.312,0.333,
0.375,nan,nan,0.307,0.359,0.326,nan,0.250,nan,0.438,
nan,nan,0.312,0.325,0.306,0.388,0.312,0.188,0.422,0.392,
0.500,nan,0.328,0.386,0.333,0.335,0.315,0.365,0.330,0.336,
