nan,0.375,0.312,0.312,0.321,0.250,0.340,0.286,0.340,0.328,
nan,nan,0.328,0.356,0.304,0.348,0.354,0.348,0.312,0.312,
nan,0.188,0.438,0.342,0.272,0.351,0.406,0.375,nan,nan,
nan,nan,0.406,0.500,0.320,0.344,0.347,0.250,nan,nan,
nan,nan,0.333,0.318,0.298,0.387,0.331,0.125,nan,nan,
nan,nan,0.319,0.335,0.312,0.360,0.337,0.328,nan,0.312,
0.406,0.326,0.388,0.324,0.328,0.371,0.327,0.281,nan,0.344,
0.375,0.329,0.333,0.344,0.322,nan,0.062,nan,0.344,nan,
0.312,0.341,0.291,0.406,0.375,nan,0.384,0.330,0.312,0.375,
0.500,0.375,0.358,0.250,0.312,nan,nan,0.250,0.330,0.321,
