nan,0.305,0.344,0.362,0.312,0.402,0.368,0.304,0.295,0.375,
nan,nan,nan,0.338,0.323,nan,0.250,0.333,nan,nan,
0.438,0.359,0.351,0.365,0.438,0.406,0.358,0.212,nan,0.344,
0.406,0.312,nan,0.385,0.292,0.333,0.297,0.331,0.375,0.315,
0.338,0.308,0.250,nan,nan,nan,0.375,0.339,0.321,0.324,
0.340,0.353,nan,0.156,0.312,nan,0.271,0.330,0.354,0.344,
0.281,0.317,0.328,0.287,0.188,0.336,0.332,0.345,0.347,0.234,
0.335,nan,nan,0.312,nan,0.333,0.312,0.357,0.359,0.284,
0.264,nan,0.345,0.360,0.396,0.292,0.303,0.339,nan,nan,
nan,0.188,0.383,0.321,0.319,0.219,0.354,0.375,0.312,nan,
