0.000,106.765,112.855,130.592,0.000,nan,nan,nan,nan,30.000,
nan,258.000,133.500,105.750,169.000,122.182,183.000,155.250,86.500,0.000,
nan,nan,20.000,0.000,124.667,108.462,99.000,174.429,0.000,nan,
0.000,111.000,163.714,110.906,126.091,90.625,26.000,115.500,73.333,24.000,
nan,146.333,105.375,130.417,90.667,69.682,182.864,58.500,0.000,nan,
nan,84.000,138.000,83.455,100.000,136.312,134.198,123.140,27.000,nan,
196.500,nan,nan,0.000,48.000,171.750,131.595,104.375,177.000,nan,
21.000,0.000,nan,nan,138.000,0.000,238.500,143.700,nan,nan,
33.000,nan,0.000,nan,nan,233.000,nan,nan,nan,nan,
145.286,96.600,130.846,0.000,nan,21.000,96.000,101.400,78.000,0.000,
