nan,nan,0.328,0.299,0.281,0.375,0.295,0.344,0.281,0.250,
nan,nan,nan,0.328,nan,nan,0.384,0.339,nan,nan,
nan,nan,nan,nan,nan,0.312,0.347,0.375,nan,nan,
0.375,nan,0.562,0.312,0.344,0.355,0.391,0.250,nan,nan,
0.375,0.350,0.372,0.302,0.391,0.357,0.250,0.438,0.562,nan,
0.391,0.328,0.362,0.299,0.317,0.331,0.396,0.347,0.330,0.250,
0.333,0.331,0.326,0.333,0.310,0.343,0.378,0.250,nan,0.302,
0.339,0.344,0.329,0.332,0.306,0.320,0.333,nan,nan,0.281,
0.375,0.304,0.375,0.381,0.281,0.354,0.325,0.304,0.438,nan,
0.312,0.353,0.367,0.316,0.383,0.375,0.354,0.362,0.273,0.328,
