0.326,0.348,0.359,0.336,0.341,0.393,0.312,0.312,nan,0.375,
0.333,0.125,0.156,0.317,0.390,0.361,0.363,0.364,0.406,0.312,
0.562,0.402,0.312,0.375,0.354,0.250,0.330,0.345,0.362,0.285,
0.383,0.469,0.438,0.309,0.438,nan,0.320,0.350,0.326,0.367,
0.167,0.425,0.402,0.325,0.312,nan,0.348,0.370,nan,0.375,
0.219,0.328,0.292,0.271,0.342,0.354,0.250,nan,nan,0.375,
nan,0.328,0.250,0.281,0.326,0.307,0.289,0.300,0.375,0.375,
0.250,0.315,0.125,0.312,0.344,0.450,0.341,0.346,0.292,0.342,
0.388,0.375,0.333,0.305,0.188,0.344,0.312,0.354,0.375,0.327,
0.334,0.340,0.396,0.290,0.167,0.250,0.314,0.347,nan,nan,
