0.344,0.391,0.346,0.321,0.354,nan,nan,0.375,nan,nan,
nan,0.321,0.306,0.344,0.312,0.341,0.339,0.375,0.287,nan,
nan,0.250,0.312,0.240,0.316,0.334,0.328,0.316,nan,nan,
nan,0.348,0.312,0.310,0.305,0.326,0.375,0.349,0.333,nan,
nan,0.344,0.344,0.372,0.375,0.335,0.325,0.312,nan,nan,
0.562,0.375,0.391,0.271,0.188,0.334,0.336,0.332,0.281,nan,
0.354,nan,nan,0.438,0.594,0.286,0.396,0.335,0.268,nan,
nan,nan,nan,nan,0.438,0.292,0.300,0.309,0.344,nan,
0.427,0.312,0.469,nan,0.250,0.259,0.500,nan,nan,nan,
0.266,0.362,0.375,0.312,nan,nan,0.438,0.406,0.312,0.312,
