nan,nan,0.350,0.319,nan,0.318,0.319,0.379,0.306,nan,
nan,nan,0.312,0.344,nan,nan,0.338,0.333,0.312,nan,
nan,0.330,0.370,0.338,0.406,nan,0.389,0.294,0.281,0.312,
0.411,0.333,nan,0.292,0.277,0.344,0.321,0.337,0.359,0.347,
0.341,0.395,nan,nan,0.312,nan,0.188,0.256,0.356,0.346,
0.338,0.349,0.292,0.292,0.312,0.188,0.275,0.271,0.349,0.330,
0.336,0.335,0.264,0.359,0.333,0.333,0.316,0.332,0.328,0.305,
0.396,nan,nan,nan,0.438,0.403,0.297,0.304,0.250,0.285,
0.309,0.219,0.379,0.328,0.396,0.250,0.367,0.350,0.344,nan,
0.312,nan,0.321,0.340,0.317,0.328,0.333,0.341,0.400,nan,
