nan,0.562,0.333,0.326,0.375,nan,0.324,0.340,0.379,0.330,
0.500,0.375,0.326,0.375,0.302,0.406,0.312,0.348,0.325,0.354,
0.188,0.312,nan,0.250,0.188,0.292,0.338,0.357,0.250,0.417,
0.320,0.250,nan,0.288,0.375,0.327,0.312,0.334,0.350,0.312,
0.333,0.325,nan,0.375,0.375,0.312,0.375,0.338,0.336,0.347,
0.375,0.382,0.219,0.292,0.352,0.375,0.327,0.286,0.333,0.344,
0.344,0.281,0.352,0.375,0.156,0.412,0.312,0.358,0.188,0.396,
0.250,nan,nan,0.301,0.344,0.357,nan,0.333,nan,0.250,
nan,nan,0.386,0.377,0.324,0.362,0.375,0.312,0.375,0.375,
0.250,nan,0.307,0.320,0.396,0.357,0.387,0.331,0.330,0.348,
