nan,0.500,0.342,0.375,nan,0.438,0.305,0.355,0.328,nan,
nan,nan,0.375,0.250,0.250,0.384,0.375,0.432,0.344,nan,
nan,0.302,0.500,0.271,0.300,0.351,0.388,0.328,nan,nan,
0.359,0.342,0.250,0.358,0.341,0.306,0.355,0.362,nan,nan,
0.375,0.296,0.256,0.379,0.396,0.292,0.348,0.562,0.406,0.312,
0.354,0.333,0.356,0.354,0.406,0.322,0.338,0.340,0.287,nan,
0.438,0.312,0.312,0.341,0.438,0.349,0.366,0.375,nan,nan,
nan,0.318,0.310,0.378,0.325,0.281,0.312,0.275,nan,0.375,
0.250,nan,0.394,0.328,0.281,0.375,0.300,0.342,0.294,0.326,
nan,nan,0.333,0.297,0.328,0.406,0.375,0.336,0.362,0.338,
