nan,190.235,107.679,124.571,0.000,75.000,0.000,nan,nan,147.000,
0.000,60.750,250.500,130.000,155.571,174.500,0.000,144.000,241.000,nan,
nan,0.000,0.000,0.000,66.857,118.200,121.444,78.000,0.000,nan,
nan,150.923,92.526,102.171,133.455,112.375,19.125,130.600,242.000,nan,
0.000,122.750,62.919,87.095,29.000,100.200,144.462,100.500,nan,nan,
nan,nan,61.125,109.059,85.154,156.000,139.290,119.625,74.000,nan,
132.000,nan,nan,0.000,138.000,69.545,97.227,149.600,nan,nan,
94.000,nan,nan,nan,nan,78.000,296.000,129.000,nan,nan,
84.316,48.429,26.000,nan,nan,130.000,0.000,0.000,nan,0.000,
291.000,183.000,257.400,0.000,nan,nan,201.000,111.545,75.000,0.000,
