nan,0.317,0.340,0.305,0.387,nan,nan,nan,nan,nan,
nan,0.409,0.348,0.333,0.387,0.335,nan,0.548,nan,nan,
nan,nan,0.355,nan,0.334,0.282,0.290,0.384,0.280,nan,
nan,0.194,0.323,0.342,0.342,0.263,0.301,0.289,0.300,nan,
nan,0.355,0.280,0.301,0.333,0.325,0.341,0.356,0.350,nan,
nan,0.306,0.401,nan,0.306,0.318,0.327,0.333,0.306,0.355,
0.400,0.226,0.387,nan,0.304,0.331,0.337,0.336,0.350,0.280,
0.290,nan,0.387,0.419,0.317,0.334,0.333,0.392,0.333,0.290,
nan,0.387,0.290,0.339,nan,0.301,0.320,0.312,0.323,nan,
0.355,0.324,0.321,0.314,0.290,nan,0.452,0.290,nan,nan,
