0.250,0.333,0.316,0.337,0.312,nan,nan,nan,nan,0.292,
nan,0.406,0.326,0.375,0.396,0.375,0.250,0.484,0.333,0.438,
nan,nan,0.292,0.375,0.312,0.322,0.358,0.357,0.281,nan,
0.344,0.346,0.446,0.342,0.375,0.307,0.344,0.305,0.354,0.406,
nan,0.347,0.391,0.332,0.333,0.406,0.364,0.312,0.250,nan,
nan,0.406,0.281,0.369,0.375,0.346,0.322,0.343,0.375,nan,
0.312,nan,nan,0.438,0.388,0.336,0.350,0.346,0.406,nan,
0.219,0.375,nan,nan,0.188,0.312,0.306,0.319,nan,nan,
0.312,nan,0.250,nan,nan,0.375,nan,nan,nan,nan,
0.312,0.338,0.334,0.250,nan,0.312,0.271,0.275,0.312,0.250,
