0.375,0.287,0.263,0.350,nan,0.312,0.317,0.406,0.306,0.344,
0.354,0.312,0.259,0.349,0.364,0.386,0.304,0.289,0.281,0.375,
nan,nan,0.375,0.272,0.281,nan,0.438,nan,nan,nan,
nan,nan,nan,0.286,0.345,0.334,0.430,nan,nan,nan,
nan,0.312,0.323,0.323,0.302,0.345,0.250,0.312,nan,nan,
0.250,0.312,0.250,0.361,0.354,0.351,0.341,0.375,0.300,nan,
0.299,0.292,0.375,0.318,0.332,0.320,0.324,0.391,nan,0.250,
0.365,0.324,0.367,0.352,0.354,0.375,0.562,0.354,0.375,0.250,
0.250,0.361,0.312,0.250,nan,0.438,0.304,0.297,0.281,0.375,
0.188,0.354,0.342,0.375,nan,nan,nan,0.188,0.307,0.325,
