nan,0.312,0.312,0.359,0.302,0.346,0.367,0.359,0.375,nan,
0.370,0.380,0.364,0.321,0.391,0.330,0.346,0.188,nan,0.312,
0.375,0.344,0.326,0.364,0.375,0.438,0.336,0.320,0.375,nan,
0.375,0.350,0.271,0.250,0.500,0.344,0.340,0.334,0.306,0.354,
0.333,0.284,nan,nan,0.312,nan,0.422,0.312,0.294,0.334,
0.326,0.266,nan,nan,0.285,nan,0.312,0.312,0.362,0.323,
0.374,0.375,nan,0.326,nan,0.438,0.365,0.351,0.328,0.352,
0.325,nan,0.250,nan,nan,0.333,0.306,0.351,0.312,0.299,
nan,0.396,0.318,0.349,0.500,0.354,0.358,0.322,0.375,0.312,
nan,nan,0.359,0.337,nan,0.417,0.438,0.312,0.369,nan,
