0.500,0.375,0.375,0.375,0.277,0.297,0.321,nan,nan,0.250,
nan,nan,nan,0.312,0.234,0.327,0.344,0.268,0.344,0.188,
nan,nan,0.292,0.388,0.329,0.375,nan,0.302,0.438,nan,
nan,0.250,0.378,0.312,0.365,0.208,0.324,0.375,nan,nan,
nan,0.250,0.303,0.341,0.327,0.339,0.357,0.312,nan,nan,
0.312,0.317,0.298,0.341,0.340,0.343,0.302,0.333,nan,nan,
0.312,0.338,0.362,0.331,0.368,0.322,0.388,nan,nan,nan,
0.359,0.303,0.388,0.352,0.344,0.333,0.125,nan,nan,nan,
0.359,0.353,0.340,0.359,nan,0.469,0.353,0.531,nan,0.469,
0.438,0.250,0.281,nan,0.375,nan,0.375,0.312,0.531,0.284,
