nan,0.188,0.334,nan,0.250,0.369,0.319,0.341,0.351,0.500,
nan,0.438,0.344,nan,0.264,0.364,0.125,0.312,0.380,0.312,
0.250,0.312,nan,nan,0.277,0.337,0.391,nan,0.438,0.354,
0.321,0.333,0.335,0.336,0.361,0.307,0.314,0.338,0.312,0.353,
0.349,0.305,0.328,0.315,0.324,0.306,0.383,0.339,nan,0.388,
nan,0.469,0.321,nan,0.359,0.250,0.312,0.296,0.306,nan,
0.562,0.327,0.334,0.292,0.344,0.469,0.346,0.281,0.438,nan,
nan,0.275,0.302,0.417,0.339,0.188,0.250,0.375,0.316,nan,
nan,nan,0.312,0.315,0.331,0.281,0.250,0.384,0.323,0.287,
nan,0.500,0.328,0.375,0.353,0.342,0.406,0.298,0.348,0.300,
