nan,0.387,0.290,0.325,0.226,0.306,0.355,0.210,0.306,0.323,
nan,nan,0.258,0.387,0.339,0.323,0.332,0.331,0.247,nan,
nan,0.323,nan,nan,0.323,0.358,0.351,0.320,nan,nan,
0.290,0.323,nan,0.381,0.371,0.359,0.387,nan,nan,nan,
0.333,0.339,0.330,0.373,0.355,0.355,nan,nan,nan,nan,
0.339,0.326,0.347,0.368,0.305,0.330,0.355,0.329,0.258,nan,
0.385,0.340,0.337,0.299,0.339,0.329,0.327,0.323,nan,0.339,
0.334,0.339,0.344,0.330,0.351,0.294,0.194,0.452,nan,nan,
0.306,0.331,0.336,0.337,0.328,0.297,0.312,0.338,nan,0.312,
0.339,0.391,0.314,0.330,0.342,nan,0.290,0.339,0.339,0.339,
