nan,0.375,0.500,0.234,0.354,0.355,0.317,0.328,0.354,nan,
0.337,0.323,0.330,0.340,0.305,0.323,0.338,0.438,nan,0.562,
0.333,0.328,0.351,0.322,0.348,0.375,0.320,0.352,0.250,nan,
0.312,0.350,0.312,0.312,0.125,0.354,0.328,0.323,0.278,0.375,
0.359,0.438,nan,nan,0.375,nan,0.219,0.333,0.369,0.344,
0.375,0.438,nan,nan,0.382,nan,0.438,0.328,0.318,0.352,
0.302,0.336,nan,0.326,nan,0.125,0.302,0.306,0.352,0.336,
0.312,nan,0.250,nan,nan,0.375,0.319,0.344,0.521,0.361,
nan,0.292,0.338,0.292,0.250,0.438,0.279,0.339,0.312,0.250,
nan,nan,0.281,0.330,nan,0.302,0.271,0.375,0.312,nan,
