0.375,0.375,0.368,0.291,0.332,0.331,0.350,0.349,0.319,0.345,
0.250,nan,0.332,0.348,0.318,0.371,nan,0.304,0.349,0.250,
0.229,0.312,0.348,0.500,nan,0.379,0.188,0.351,0.281,0.388,
0.329,0.330,0.330,0.281,nan,0.188,0.396,0.344,0.250,nan,
0.312,0.385,0.281,0.219,nan,0.375,0.328,0.341,0.334,0.328,
0.366,0.367,0.366,0.334,0.375,0.312,0.344,0.383,0.328,0.286,
0.500,0.380,0.384,0.312,nan,0.328,0.319,0.285,0.438,nan,
nan,0.396,0.333,0.469,nan,0.219,0.375,0.281,nan,nan,
0.188,0.309,0.326,0.355,0.396,0.269,0.326,0.268,0.328,0.312,
0.438,0.375,0.271,0.333,0.338,0.312,0.354,0.271,0.413,0.308,
