nan,nan,0.303,0.342,0.355,0.355,0.306,0.365,0.330,0.360,
nan,nan,0.419,nan,0.403,0.384,nan,0.332,0.310,0.380,
0.355,nan,0.400,nan,0.306,0.383,0.355,0.351,0.363,0.290,
0.329,0.311,0.305,0.327,0.304,0.328,0.324,0.336,0.341,0.359,
0.341,0.333,0.355,0.348,0.335,0.325,nan,0.301,0.328,0.355,
0.355,0.331,0.355,0.344,0.318,0.484,0.337,0.325,0.358,0.419,
nan,0.323,0.326,0.351,0.226,0.290,0.376,0.296,0.347,nan,
nan,nan,0.338,0.258,0.312,0.280,nan,0.274,0.297,0.226,
nan,nan,0.379,0.342,0.320,0.342,0.355,0.349,0.337,0.333,
0.419,0.129,0.226,0.242,0.323,0.315,0.323,0.351,0.330,0.328,
