nan,nan,0.339,0.188,0.338,0.438,0.367,0.312,0.336,0.302,
nan,nan,0.312,0.312,0.391,0.362,0.352,0.312,0.353,0.250,
nan,0.156,nan,0.304,0.328,0.333,0.329,0.375,nan,nan,
0.277,0.366,0.330,0.341,0.315,0.367,0.336,0.229,0.375,0.438,
0.312,0.270,0.347,0.344,0.266,0.375,0.417,0.297,0.333,0.250,
0.295,0.303,0.315,0.289,0.438,0.312,0.531,0.348,0.250,0.125,
0.438,0.324,0.320,0.368,0.271,0.275,0.338,0.266,0.562,nan,
nan,0.260,0.347,0.359,0.344,0.125,0.338,0.438,0.396,nan,
nan,nan,0.400,0.365,0.293,0.250,0.380,0.330,0.351,0.188,
nan,nan,0.365,0.332,0.425,0.333,0.333,0.356,0.378,0.281,
