nan,0.000,114.500,103.143,0.000,144.545,71.229,144.000,nan,nan,
192.600,118.800,88.125,101.850,123.818,159.750,128.478,92.400,nan,nan,
91.125,60.600,148.818,103.851,190.286,nan,60.000,108.923,51.000,0.000,
30.000,123.500,162.857,40.435,64.143,78.585,143.027,107.389,93.522,0.000,
0.000,95.500,25.500,15.000,225.750,0.000,165.231,113.714,104.455,204.000,
131.000,68.750,0.000,0.000,105.000,236.250,0.000,0.000,196.500,119.640,
125.429,85.714,127.667,134.471,127.125,4.800,0.000,172.875,192.000,140.571,
85.385,0.000,nan,nan,3.000,nan,150.000,153.968,0.000,108.600,
nan,0.000,219.600,0.000,63.273,147.000,76.800,101.903,84.000,nan,
nan,nan,105.000,123.143,70.286,91.714,101.500,68.571,199.000,121.200,
