nan,0.438,0.388,0.309,0.375,0.326,0.338,0.379,0.312,nan,
0.208,0.366,0.352,0.330,0.317,0.304,0.367,0.319,nan,nan,
0.312,0.415,0.352,0.338,0.250,0.188,0.306,0.354,0.305,nan,
0.229,0.286,0.364,0.326,0.320,0.280,0.351,0.321,0.333,0.287,
0.312,0.324,0.279,0.346,0.375,0.357,0.320,0.320,0.250,0.469,
0.375,0.422,nan,0.333,0.352,0.328,0.325,0.406,0.317,0.352,
0.332,0.344,0.333,0.330,0.354,0.354,0.312,0.312,0.531,0.328,
0.338,nan,0.438,0.562,0.375,0.344,0.295,0.334,0.391,0.388,
nan,nan,0.219,0.324,0.315,0.317,0.375,0.361,0.385,0.375,
nan,nan,nan,0.307,0.312,0.292,0.333,0.400,0.400,0.344,
