nan,0.387,0.296,0.296,0.301,nan,0.306,0.342,nan,nan,
nan,nan,0.419,0.324,nan,0.355,0.315,0.255,0.323,nan,
nan,nan,nan,0.366,0.290,0.323,nan,nan,nan,nan,
0.387,0.290,0.269,0.369,0.320,0.350,nan,nan,nan,nan,
0.315,0.387,0.325,0.316,0.266,0.335,0.290,0.274,0.306,0.323,
0.355,0.338,0.348,0.358,0.347,0.327,0.265,0.311,0.333,0.242,
0.357,0.341,0.341,0.363,0.324,0.328,0.343,0.323,nan,0.419,
0.352,0.297,0.351,0.343,0.321,0.343,0.315,nan,0.355,0.335,
nan,0.288,0.332,0.293,0.359,0.323,0.226,0.351,nan,nan,
nan,0.302,0.323,0.321,0.351,0.355,0.290,0.341,0.409,0.297,
