nan,0.375,0.308,0.328,0.292,nan,0.281,0.395,0.312,0.312,
nan,nan,0.500,0.365,0.312,nan,0.361,0.328,nan,nan,
0.225,nan,0.375,0.312,0.312,0.391,nan,nan,nan,nan,
0.332,nan,nan,0.281,0.365,0.312,nan,nan,nan,0.188,
nan,0.250,0.333,0.280,0.316,0.219,nan,nan,nan,0.250,
0.368,0.332,0.257,0.335,0.350,0.348,0.375,0.335,0.344,0.384,
0.312,0.309,0.342,0.304,0.317,0.331,0.328,0.438,nan,0.500,
0.241,0.314,0.328,0.329,0.381,0.300,0.396,nan,nan,nan,
0.312,0.361,0.298,0.354,0.375,0.125,0.406,0.391,nan,nan,
0.312,0.326,0.354,0.340,0.344,nan,0.338,0.312,0.354,0.438,
