0.000,129.600,76.800,26.400,nan,0.000,155.357,63.000,130.667,0.000,
73.333,0.000,136.286,98.353,106.043,82.636,102.857,130.125,162.000,0.000,
nan,nan,0.000,65.647,42.000,nan,3.000,nan,nan,nan,
nan,nan,nan,107.250,99.364,127.043,66.375,nan,nan,nan,
nan,0.000,128.000,114.000,80.333,118.105,0.000,57.000,nan,nan,
0.000,191.500,126.000,81.625,122.677,112.852,85.636,0.000,48.600,nan,
157.286,73.000,84.900,102.000,129.396,96.000,100.385,13.500,nan,0.000,
245.500,125.714,100.200,157.909,68.500,68.400,0.000,99.500,0.000,0.000,
0.000,154.333,62.550,0.000,nan,0.000,159.429,74.250,189.000,0.000,
0.000,119.000,97.600,132.000,nan,nan,nan,0.000,127.750,87.600,
