nan,0.323,0.319,0.379,nan,0.419,0.318,0.297,0.309,0.290,
nan,nan,0.355,0.387,0.258,0.226,0.339,0.305,nan,nan,
nan,0.355,nan,0.312,0.355,0.363,0.283,0.358,nan,nan,
0.355,0.270,0.274,0.347,0.310,0.319,0.452,nan,nan,nan,
0.348,0.343,0.355,0.303,0.341,0.329,0.316,nan,nan,nan,
0.306,0.329,0.345,0.413,0.344,0.361,0.308,0.315,0.355,nan,
0.311,0.350,0.330,0.331,0.320,0.339,0.333,0.315,nan,nan,
0.331,0.330,0.322,0.317,0.335,0.298,nan,0.427,nan,nan,
0.306,0.316,0.340,0.353,0.336,0.194,0.344,0.327,0.387,0.323,
nan,0.301,0.317,0.331,0.339,0.323,nan,0.345,0.364,0.282,
