nan,nan,0.347,0.297,0.250,0.347,0.324,0.357,0.281,nan,
nan,nan,nan,nan,nan,0.312,0.312,0.346,nan,nan,
nan,0.375,0.500,0.250,0.326,0.312,0.351,0.303,0.312,nan,
0.438,0.353,0.300,0.330,0.356,0.352,0.312,nan,nan,nan,
0.366,0.409,0.348,0.346,0.368,0.312,0.304,0.500,nan,nan,
0.391,0.327,0.360,0.312,0.266,0.375,0.338,0.295,nan,nan,
0.266,0.293,0.318,0.348,0.388,0.351,0.308,0.312,nan,nan,
0.375,0.315,0.344,0.363,0.250,0.250,0.250,0.362,0.469,0.188,
nan,0.375,0.342,0.342,0.349,0.438,0.562,0.344,0.352,0.326,
0.250,0.271,0.353,0.350,0.297,0.188,0.450,0.365,0.353,0.396,
