0.344,0.351,0.357,0.336,0.346,0.322,0.321,0.281,0.355,0.312,
nan,0.250,0.350,0.352,0.333,0.310,0.156,0.281,0.356,0.328,
0.312,0.438,0.250,0.625,0.469,0.352,0.375,0.362,0.281,nan,
0.304,0.360,0.475,0.287,0.375,0.188,0.325,0.326,nan,0.312,
0.312,0.250,0.322,0.357,nan,nan,0.333,0.351,0.286,0.312,
0.286,0.400,0.350,0.332,0.312,0.281,0.344,0.312,0.290,0.229,
0.458,0.344,0.309,0.297,0.375,0.359,0.339,0.366,nan,nan,
nan,0.281,0.281,0.188,0.250,0.297,0.287,0.294,nan,nan,
0.188,0.308,0.305,0.384,0.312,0.317,0.300,0.344,0.344,nan,
0.354,0.318,0.229,0.358,0.359,0.312,0.312,0.312,0.351,0.361,
