nan,nan,0.326,nan,0.340,0.333,0.300,0.448,0.250,0.375,
nan,nan,nan,0.293,0.347,0.345,0.361,0.327,0.379,nan,
nan,nan,nan,0.414,0.304,0.289,0.500,0.312,0.406,nan,
nan,nan,0.297,0.319,0.344,0.312,0.368,0.375,nan,nan,
nan,nan,0.306,0.324,0.320,0.338,0.375,nan,nan,nan,
nan,0.375,0.312,0.337,0.334,0.319,0.312,0.325,nan,nan,
0.312,0.281,0.370,0.321,0.320,0.319,0.292,nan,nan,0.375,
nan,0.333,0.305,0.411,0.281,0.312,nan,nan,nan,nan,
0.263,0.320,0.333,0.328,nan,nan,0.297,0.330,0.328,0.312,
0.250,0.359,0.348,0.250,nan,nan,nan,0.325,0.304,0.308,
