nan,0.312,0.340,0.379,0.232,nan,nan,0.352,0.375,0.312,
nan,nan,nan,0.334,nan,nan,0.312,0.271,nan,nan,
0.344,nan,nan,0.375,nan,0.406,nan,0.375,nan,nan,
0.384,nan,0.323,0.125,0.312,0.304,nan,0.250,nan,0.375,
nan,nan,0.312,0.359,0.300,0.328,nan,0.438,0.250,nan,
0.351,0.351,0.337,0.347,0.318,0.326,0.375,0.362,0.188,0.312,
0.354,0.335,0.377,0.348,0.318,0.339,0.331,0.188,nan,nan,
0.380,0.344,0.341,0.295,0.350,0.309,0.319,0.312,nan,0.125,
0.438,0.375,0.325,0.295,0.344,0.125,nan,0.321,nan,nan,
0.375,0.316,0.289,0.331,0.379,0.438,0.312,0.312,0.281,0.312,
