nan,0.347,0.320,0.347,0.323,nan,0.323,0.328,0.226,0.387,
nan,nan,0.387,0.356,0.258,nan,0.330,0.387,nan,nan,
0.387,nan,0.290,0.325,0.484,0.306,nan,nan,nan,nan,
0.355,nan,nan,0.403,0.342,0.362,nan,nan,nan,0.355,
nan,0.258,0.344,0.387,0.339,0.349,nan,nan,nan,0.355,
0.305,0.344,0.333,0.334,0.329,0.320,0.345,0.328,0.419,0.323,
0.387,0.344,0.349,0.320,0.345,0.339,0.314,0.161,nan,0.387,
0.313,0.326,0.347,0.320,0.361,0.371,0.312,nan,nan,nan,
0.419,0.283,0.344,0.351,0.315,0.387,0.355,0.258,nan,nan,
0.355,0.345,0.342,0.345,0.319,nan,0.376,0.329,0.301,0.194,
