nan,0.250,0.300,0.350,0.344,nan,0.305,0.344,0.369,0.336,
0.250,0.324,0.305,0.333,0.305,0.219,0.412,0.316,0.312,0.312,
0.281,0.335,0.357,0.346,0.250,0.312,0.375,0.329,0.335,0.188,
0.287,0.417,0.312,0.427,nan,0.335,0.309,0.318,0.289,0.331,
0.352,0.344,0.188,0.281,0.219,0.438,0.312,0.302,0.375,0.306,
0.352,0.305,0.396,0.317,0.351,0.281,0.312,0.388,0.438,0.406,
0.334,0.469,0.312,0.312,0.325,0.368,0.362,0.307,0.406,0.375,
0.250,0.438,0.188,0.281,0.332,0.312,0.562,0.344,nan,nan,
0.312,nan,0.292,0.356,0.369,0.292,0.339,0.292,0.338,0.406,
0.438,nan,0.312,0.350,0.331,0.333,0.329,0.333,0.338,0.322,
