nan,0.284,0.290,0.395,0.333,0.322,0.320,0.343,0.290,nan,
0.325,0.304,0.305,0.351,0.331,0.344,0.309,0.387,nan,0.194,
0.376,0.333,0.323,0.315,0.296,0.387,0.306,0.315,0.387,nan,
0.355,0.310,0.398,0.409,0.419,0.344,0.325,0.344,0.391,0.323,
0.309,0.290,nan,nan,0.226,nan,0.347,0.335,0.332,0.345,
0.319,0.323,nan,nan,0.337,nan,0.323,0.387,0.328,0.341,
0.311,0.327,nan,0.315,nan,0.452,0.317,0.352,0.331,0.317,
0.328,nan,0.419,nan,nan,0.333,0.362,0.294,0.301,0.333,
nan,0.376,0.338,0.358,0.274,0.280,0.370,0.353,0.348,0.347,
nan,nan,0.339,0.332,nan,0.344,0.344,0.290,0.346,nan,
