6.000,110.550,123.164,133.500,202.500,nan,nan,0.000,nan,nan,
nan,208.714,141.400,48.750,102.273,81.000,126.857,39.429,151.200,nan,
nan,173.000,0.000,63.500,93.789,142.448,77.143,103.688,nan,nan,
nan,66.429,79.636,128.217,136.688,108.783,12.000,126.194,8.000,nan,
nan,125.400,218.625,113.917,233.250,60.545,108.673,154.500,nan,nan,
0.000,0.000,172.500,121.667,0.000,121.610,122.722,137.836,99.000,nan,
141.000,nan,nan,0.000,165.000,152.053,146.300,82.071,159.857,nan,
nan,nan,nan,nan,309.000,65.000,150.923,83.062,291.000,nan,
98.000,0.000,0.000,nan,0.000,261.429,0.000,nan,nan,nan,
114.000,114.600,85.765,160.000,nan,nan,28.500,55.500,0.000,0.000,
