nan,nan,0.375,nan,0.333,0.188,0.287,0.479,0.125,0.375,
nan,nan,nan,0.352,0.301,0.347,0.334,0.324,0.304,nan,
nan,nan,nan,0.359,0.292,0.352,0.438,0.300,0.271,nan,
nan,nan,0.297,0.236,0.406,0.312,0.306,0.188,nan,nan,
nan,nan,0.292,0.320,0.320,0.344,0.316,nan,nan,nan,
nan,0.229,0.375,0.350,0.340,0.290,0.346,0.375,nan,nan,
0.438,0.328,0.380,0.359,0.351,0.340,0.229,nan,nan,0.562,
nan,0.385,0.383,0.312,0.375,0.312,nan,nan,nan,nan,
0.312,0.311,0.382,0.344,nan,nan,0.323,0.304,0.359,0.250,
0.422,0.406,0.326,0.375,nan,nan,nan,0.350,0.304,0.332,
