0.312,0.365,0.306,0.325,0.364,0.329,0.339,nan,0.334,0.365,
0.250,0.354,0.406,0.324,0.356,0.364,0.400,0.309,0.350,0.325,
0.354,0.219,0.438,0.188,nan,0.381,0.321,0.318,0.393,nan,
0.311,0.330,0.344,0.188,nan,0.344,0.327,0.305,0.375,0.312,
0.350,0.375,0.396,0.281,nan,nan,0.328,0.320,0.347,0.304,
0.406,0.284,0.328,0.336,0.438,0.396,0.410,0.347,0.438,nan,
nan,0.375,0.427,0.375,0.250,0.335,0.316,0.312,nan,nan,
0.219,0.438,0.125,nan,nan,0.438,0.422,0.312,0.396,nan,
0.328,0.326,0.359,0.382,0.388,0.297,0.332,0.335,0.297,0.375,
0.286,0.422,0.369,0.353,0.365,0.350,0.326,nan,0.344,0.383,
