0.317,0.375,0.292,0.333,0.362,0.294,0.327,0.285,0.350,0.325,
0.312,nan,0.375,0.324,0.349,0.341,0.311,0.348,0.328,0.339,
0.292,0.305,nan,0.438,0.345,0.347,0.250,0.403,0.336,0.334,
0.404,0.368,0.438,0.469,0.396,nan,0.292,0.333,0.380,0.333,
nan,0.312,0.338,0.354,0.188,nan,0.312,0.406,0.062,nan,
0.312,0.356,0.438,0.396,0.278,0.354,0.302,0.297,nan,0.354,
0.375,0.293,0.312,0.250,0.366,0.315,0.319,0.353,0.396,0.297,
0.326,0.268,0.375,nan,0.312,0.359,0.277,0.341,0.323,0.331,
0.469,0.364,0.357,0.336,nan,0.292,0.319,0.288,0.354,0.320,
0.289,0.328,0.354,0.388,nan,0.375,0.346,0.338,nan,0.330,
