0.340,0.335,0.375,0.334,0.324,0.268,0.338,0.125,nan,0.325,
0.312,0.562,0.438,0.355,0.287,0.318,0.318,0.330,0.312,0.325,
0.188,0.286,0.250,0.312,0.321,0.333,0.402,0.286,0.362,0.332,
0.320,0.188,0.250,0.355,0.250,nan,0.305,0.320,0.375,0.325,
0.354,0.225,0.295,0.312,0.312,nan,0.312,0.279,nan,0.250,
0.438,0.344,0.417,0.302,0.346,0.326,0.438,nan,nan,0.300,
nan,0.312,0.375,0.375,0.342,0.375,0.273,0.321,0.344,0.250,
0.385,0.356,0.375,0.375,0.375,0.275,0.347,0.339,0.312,0.351,
0.287,0.500,0.271,0.371,0.500,0.391,0.307,0.347,0.375,0.353,
0.356,0.375,0.312,0.308,0.333,0.420,0.337,0.340,nan,nan,
