nan,0.355,0.315,0.306,0.290,0.343,0.333,0.318,nan,nan,
0.315,0.333,0.347,0.331,0.352,0.335,0.349,0.323,nan,0.226,
0.355,0.360,0.323,0.310,0.305,nan,0.344,0.305,0.323,nan,
0.355,0.312,0.374,0.342,0.300,0.333,0.327,0.344,0.317,0.363,
0.371,0.335,0.339,0.296,0.274,0.226,0.368,0.343,0.339,0.359,
0.333,0.331,0.258,0.355,0.341,0.340,0.342,0.360,0.333,0.320,
0.339,0.308,0.360,0.316,0.330,0.347,0.387,0.371,nan,0.363,
0.371,nan,nan,0.419,0.366,nan,0.308,0.323,0.226,0.335,
nan,nan,nan,0.385,0.319,0.323,0.348,0.297,0.301,nan,
nan,0.274,0.290,0.342,0.349,0.226,0.336,0.274,0.315,0.419,
