nan,0.266,0.312,0.347,0.625,0.384,0.306,0.317,0.304,0.438,
nan,nan,nan,0.291,0.396,nan,0.312,0.333,nan,nan,
0.312,0.323,0.375,0.314,0.438,0.219,0.354,0.237,nan,0.250,
0.333,0.292,nan,0.297,0.250,0.292,0.339,0.312,0.458,0.315,
0.350,0.317,0.312,nan,nan,nan,0.188,0.375,0.335,0.317,
0.354,0.283,nan,0.406,0.331,nan,0.375,0.347,0.331,0.359,
0.339,0.341,0.312,0.344,0.375,0.391,0.329,0.317,0.301,0.328,
0.342,nan,nan,0.312,nan,0.292,0.306,0.316,0.422,0.358,
0.306,nan,0.351,0.357,0.333,0.312,0.339,0.349,nan,nan,
nan,0.375,0.371,0.332,0.344,0.250,0.312,0.333,0.312,nan,
