0.344,0.281,0.344,0.311,0.312,0.312,0.347,0.349,0.319,0.348,
0.188,0.266,0.298,0.359,0.354,0.312,0.391,0.453,0.396,0.062,
0.352,0.333,0.295,0.343,0.333,0.250,0.356,0.360,0.287,0.333,
0.289,0.500,0.312,0.347,0.362,0.333,0.406,0.305,0.303,0.341,
0.323,0.250,nan,0.406,0.331,0.438,0.333,0.250,0.438,0.375,
0.301,0.312,0.281,0.354,0.333,0.422,0.339,0.325,0.396,0.353,
0.312,0.354,0.353,0.430,0.281,0.295,0.375,0.325,0.393,0.351,
0.438,0.354,0.312,0.250,0.356,0.323,0.438,0.393,nan,0.281,
0.312,nan,0.329,0.364,0.271,0.365,0.297,0.266,0.312,0.188,
0.250,0.359,0.371,0.330,0.438,0.438,0.285,0.330,0.340,0.415,
