nan,nan,0.352,0.347,nan,0.312,0.321,0.402,0.339,0.188,
nan,0.219,0.367,0.359,0.500,0.406,0.375,0.375,0.281,nan,
0.281,0.381,0.375,0.319,0.312,nan,0.335,0.301,0.438,0.250,
0.312,0.333,nan,0.250,0.306,0.375,0.281,0.358,0.306,0.339,
0.315,0.309,0.281,nan,0.344,nan,0.250,0.387,0.324,0.343,
0.325,0.352,nan,nan,0.321,0.375,0.352,0.333,0.319,0.335,
0.334,0.327,0.337,0.281,0.375,0.285,0.326,0.364,0.307,0.293,
0.354,nan,0.333,0.125,0.375,0.368,0.250,0.294,nan,0.375,
0.297,0.312,0.369,0.361,0.250,0.469,0.327,0.500,0.250,0.188,
nan,nan,0.317,0.305,0.302,0.298,0.289,0.356,0.379,nan,
