75.214,73.500,117.000,120.794,58.091,140.654,101.211,nan,45.514,97.080,
0.000,40.000,0.000,118.571,63.300,121.448,92.400,144.750,100.800,168.600,
54.000,0.000,0.000,0.000,nan,106.200,49.714,114.529,117.000,nan,
135.714,100.071,90.750,0.000,nan,0.000,134.857,104.625,0.000,81.667,
44.400,0.000,128.000,41.500,nan,nan,70.125,69.750,47.333,139.286,
312.000,157.091,138.000,110.025,10.000,163.000,51.667,67.650,279.000,nan,
nan,23.538,122.000,138.000,142.000,116.455,140.167,42.000,nan,nan,
87.000,0.000,0.000,nan,nan,0.000,99.000,141.750,135.000,nan,
114.750,89.222,90.000,70.588,111.600,156.188,107.927,63.706,60.750,0.000,
113.368,138.375,131.455,107.060,197.500,93.600,94.333,nan,297.000,59.625,
