nan,nan,0.250,0.332,0.333,0.312,0.348,0.344,0.375,0.250,
nan,nan,nan,0.312,nan,nan,0.295,0.312,nan,nan,
nan,nan,nan,nan,nan,0.500,0.369,0.312,nan,nan,
0.281,nan,0.250,0.354,0.381,0.336,0.359,0.312,nan,nan,
0.396,0.275,0.345,0.339,0.344,0.330,0.250,0.188,0.281,nan,
0.406,0.334,0.299,0.326,0.351,0.339,0.188,0.325,0.277,0.250,
0.344,0.342,0.330,0.346,0.363,0.362,0.365,0.500,nan,0.375,
0.342,0.351,0.352,0.301,0.326,0.328,0.417,nan,nan,0.250,
0.500,0.304,0.338,0.358,0.323,0.375,0.325,0.330,0.344,nan,
0.438,0.331,0.281,0.323,0.275,0.312,0.281,0.296,0.344,0.336,
