nan,0.359,0.341,0.342,0.324,0.250,0.229,0.323,0.324,0.250,
0.312,0.375,0.297,0.388,0.500,nan,0.345,0.292,0.331,0.271,
0.317,0.338,0.312,0.305,nan,nan,0.356,0.369,0.312,0.438,
0.562,0.301,0.328,0.438,0.375,0.312,nan,0.484,0.304,nan,
nan,0.312,nan,0.188,0.375,0.341,0.350,0.250,0.299,nan,
0.286,0.328,0.271,0.281,0.302,0.330,0.297,nan,nan,0.188,
0.375,nan,0.438,nan,0.328,0.333,0.312,nan,0.285,0.342,
nan,nan,nan,0.350,0.375,0.286,0.317,0.381,0.250,0.250,
nan,0.500,0.319,0.296,0.381,0.400,0.351,0.327,0.375,0.321,
nan,nan,0.375,0.307,0.331,0.330,0.330,0.297,0.328,0.277,
