0.250,nan,0.250,0.344,0.354,0.347,0.359,0.362,0.381,0.271,
0.336,0.312,0.375,0.349,0.219,0.438,0.332,0.281,0.281,0.348,
0.354,0.293,0.375,nan,nan,nan,0.188,nan,nan,nan,
0.312,0.312,nan,nan,nan,nan,nan,0.375,0.331,0.312,
nan,0.340,0.271,0.438,nan,0.362,0.292,0.388,0.325,0.375,
0.359,0.312,0.250,0.350,0.312,0.364,0.319,0.391,0.342,0.286,
0.375,nan,0.388,0.406,0.375,0.333,0.335,0.325,0.292,0.266,
0.367,0.500,0.380,0.250,0.346,0.330,0.315,0.312,0.281,0.358,
0.337,0.375,0.332,0.304,0.328,0.340,0.333,0.372,0.354,0.352,
0.359,0.354,0.250,0.333,0.354,0.309,0.318,0.341,0.335,0.297,
