0.339,nan,0.282,0.287,0.323,0.328,0.318,0.316,0.319,0.366,
0.315,0.452,0.290,0.285,0.323,0.290,0.361,0.266,0.274,0.337,
0.355,0.337,0.290,nan,nan,nan,0.355,nan,nan,nan,
0.258,0.323,nan,nan,nan,nan,nan,0.296,0.332,0.484,
nan,0.332,0.333,0.258,nan,0.329,0.323,0.277,0.310,0.323,
0.331,0.355,0.258,0.329,0.387,0.331,0.356,0.363,0.372,0.348,
0.323,nan,0.303,0.323,0.371,0.348,0.323,0.258,0.387,0.371,
0.298,0.290,0.360,0.419,0.340,0.348,0.329,0.376,0.371,0.331,
0.313,0.301,0.342,0.332,0.343,0.344,0.349,0.304,0.312,0.308,
0.315,0.344,0.382,0.317,0.280,0.351,0.333,0.348,0.323,0.354,
