0.322,0.356,0.500,0.312,0.297,nan,0.375,nan,0.562,0.358,
0.331,0.324,0.344,0.338,0.307,0.351,0.362,0.312,nan,0.325,
0.375,0.312,0.299,0.402,0.304,0.406,0.312,0.396,nan,nan,
0.400,0.450,0.337,0.315,0.312,0.347,0.330,0.420,nan,0.344,
0.356,0.500,0.281,0.354,0.362,0.309,nan,0.357,0.335,0.275,
0.359,0.362,0.331,0.359,0.200,0.317,0.359,0.362,0.307,0.304,
0.317,0.312,0.333,nan,nan,0.250,0.326,0.309,0.223,0.327,
nan,0.281,nan,nan,nan,nan,0.339,0.316,0.312,0.375,
0.188,nan,nan,nan,nan,nan,0.371,0.312,nan,nan,
0.349,0.367,0.312,0.438,nan,0.406,0.323,0.328,nan,0.386,
