0.302,0.271,0.250,0.362,0.312,0.285,0.375,0.365,0.348,0.400,
0.316,0.346,0.375,0.344,0.438,0.391,nan,0.352,0.312,0.317,
0.302,0.333,0.287,0.360,0.375,nan,0.375,0.338,0.344,0.359,
0.332,0.330,0.384,0.219,nan,0.344,0.301,0.338,0.438,0.312,
0.438,0.354,0.312,0.500,0.391,0.382,0.332,0.338,0.375,0.438,
0.312,0.296,0.335,0.250,0.392,0.283,0.328,0.396,0.310,0.333,
nan,0.292,0.360,0.338,0.312,0.438,0.406,0.375,0.388,nan,
0.375,0.305,0.367,0.312,nan,nan,0.354,0.341,0.348,0.375,
nan,nan,nan,nan,nan,nan,0.625,0.302,0.300,0.375,
0.250,0.500,nan,nan,0.531,0.333,nan,0.325,0.404,0.188,
