0.324,0.347,0.342,0.323,0.188,0.380,nan,nan,0.438,0.330,
0.353,0.338,0.375,0.297,0.297,0.344,0.375,0.312,0.500,0.312,
0.237,0.275,0.324,0.400,nan,0.260,0.312,0.319,0.328,nan,
0.330,0.315,0.352,0.330,0.358,0.304,0.335,0.308,0.323,0.312,
0.287,0.271,0.354,0.417,0.312,0.359,0.339,0.406,0.438,nan,
0.362,0.341,0.382,nan,nan,nan,0.250,0.358,0.319,0.312,
0.344,0.344,0.312,0.500,nan,0.250,0.312,0.330,0.318,0.422,
0.305,0.271,0.188,nan,nan,0.375,nan,0.312,0.000,0.312,
0.346,0.406,nan,nan,0.312,0.332,0.375,0.312,nan,0.188,
0.328,0.259,0.359,0.281,nan,0.308,0.264,0.259,nan,nan,
