0.350,0.272,0.243,0.396,nan,0.406,0.469,0.396,0.250,0.359,
0.319,0.354,0.325,0.330,0.256,0.358,0.365,0.361,0.309,0.375,
0.330,0.312,0.234,0.500,0.359,0.333,0.391,0.302,0.375,0.353,
0.344,0.250,0.422,0.312,0.362,0.286,0.327,0.359,0.250,0.219,
0.339,0.125,0.344,0.312,nan,0.362,0.219,0.330,0.352,0.354,
0.396,nan,0.330,0.250,0.312,0.320,0.422,0.325,0.312,0.340,
0.296,0.325,0.292,0.438,nan,nan,0.352,0.359,0.469,0.417,
0.281,nan,nan,nan,nan,nan,0.312,0.337,0.312,nan,
nan,nan,nan,nan,nan,nan,0.339,0.302,nan,nan,
0.346,0.344,nan,nan,nan,nan,0.344,0.333,nan,0.375,
