0.000,229.091,162.643,120.278,110.471,141.750,48.000,201.000,196.000,0.000,
129.000,165.714,100.000,116.379,144.000,124.000,140.769,77.125,116.625,nan,
84.300,106.275,75.429,35.455,nan,0.000,124.667,127.250,135.300,0.000,
167.400,141.000,150.913,38.000,0.000,168.000,nan,nan,144.000,0.000,
nan,120.000,87.000,nan,151.000,178.125,nan,0.000,173.647,0.000,
nan,24.000,80.571,133.909,66.000,130.000,0.000,nan,0.000,244.200,
162.000,nan,256.500,0.000,nan,159.000,104.600,0.000,0.000,0.000,
nan,nan,0.000,108.000,62.000,234.000,103.645,119.045,141.000,0.000,
nan,3.000,90.750,194.143,100.636,95.538,103.184,0.000,105.857,143.250,
nan,27.000,80.167,130.167,126.455,108.000,0.000,nan,nan,0.000,
