222.000,77.250,48.900,92.000,112.286,nan,119.000,129.000,128.727,nan,
222.000,134.812,123.600,0.000,84.000,0.000,0.000,153.667,0.000,nan,
141.724,106.814,120.409,56.000,110.000,nan,98.250,110.455,0.000,159.375,
94.500,54.450,135.857,60.000,235.714,nan,0.000,113.531,81.750,0.000,
113.175,128.850,153.938,nan,140.000,156.000,0.000,115.714,144.900,102.000,
140.226,93.130,252.000,nan,nan,126.955,148.200,50.000,111.150,64.800,
0.000,0.000,nan,251.000,181.500,129.724,3.000,80.667,26.250,nan,
nan,nan,0.000,127.737,115.286,112.200,62.000,120.474,130.650,0.000,
174.818,137.000,nan,0.000,216.600,nan,221.000,125.308,81.900,150.750,
0.000,126.000,0.000,136.200,0.000,92.250,154.000,162.484,104.400,0.000,
