0.375,0.345,0.324,0.385,0.188,0.323,nan,nan,0.438,0.378,
0.318,0.354,0.375,0.336,0.305,0.281,0.312,0.406,0.375,0.375,
0.400,0.237,0.301,0.338,nan,0.323,0.188,0.364,0.219,nan,
0.352,0.307,0.318,0.313,0.329,0.300,0.349,0.332,0.229,0.333,
0.263,0.417,0.365,0.198,0.250,0.326,0.344,0.344,0.300,nan,
0.263,0.322,0.361,nan,nan,nan,0.125,0.358,0.325,0.375,
0.326,0.377,0.353,0.562,nan,0.312,0.350,0.304,0.344,0.375,
0.397,0.361,0.375,nan,nan,0.438,nan,0.375,0.375,0.375,
0.327,0.240,nan,nan,0.312,0.302,0.337,0.500,nan,0.188,
0.297,0.357,0.320,0.281,nan,0.322,0.306,0.317,nan,nan,
