0.375,0.365,0.358,0.324,0.385,0.335,0.363,0.349,0.320,0.369,
0.219,0.338,nan,0.312,0.250,0.312,0.315,0.404,0.399,0.309,
0.344,0.310,0.250,nan,nan,0.281,0.316,0.375,0.312,0.295,
0.375,0.300,0.250,nan,nan,0.312,0.375,0.375,0.279,nan,
nan,0.359,nan,nan,0.375,0.344,0.330,0.312,0.336,0.333,
0.562,0.375,0.062,0.275,0.414,0.341,0.310,0.348,0.302,0.300,
nan,0.250,nan,nan,0.297,0.330,0.381,0.356,0.333,0.312,
0.250,nan,nan,nan,0.250,0.307,0.362,0.292,0.281,0.280,
0.330,nan,nan,0.320,0.312,0.324,0.312,0.344,0.325,0.295,
0.438,0.305,0.359,0.317,0.362,0.258,0.339,0.348,0.295,0.312,
