0.346,0.346,0.359,0.375,nan,0.285,nan,nan,0.500,0.371,
0.316,0.373,0.304,0.312,0.344,nan,nan,0.344,nan,0.312,
0.330,0.281,0.384,0.281,0.312,0.422,0.414,0.332,0.417,nan,
0.334,0.297,0.338,0.335,0.263,0.328,0.307,0.342,0.250,0.438,
0.312,0.438,0.312,0.297,nan,0.340,0.328,0.375,0.438,nan,
0.271,0.426,0.359,0.188,nan,0.250,0.438,0.336,0.326,0.438,
0.315,0.315,0.346,nan,nan,0.375,0.407,0.361,0.321,0.312,
0.327,0.292,0.312,nan,nan,0.500,0.406,0.331,0.312,0.344,
0.391,0.292,nan,nan,nan,0.336,0.300,0.500,nan,0.312,
0.500,0.297,0.328,nan,nan,0.385,0.394,0.281,nan,nan,
