0.250,0.326,0.328,0.344,0.250,0.327,0.469,0.312,0.312,0.305,
0.366,0.266,0.188,nan,0.347,0.375,nan,0.237,0.500,0.312,
0.346,0.381,0.326,0.346,nan,nan,0.281,0.271,0.562,nan,
0.352,0.346,0.337,0.344,0.312,0.396,0.379,0.328,0.370,0.344,
0.312,0.325,0.336,0.281,0.500,0.301,0.330,0.312,0.349,0.328,
0.375,0.219,0.312,0.250,nan,0.250,0.324,0.344,0.358,0.281,
0.330,0.340,0.271,0.188,nan,0.361,0.357,0.342,0.346,0.344,
0.324,0.332,0.292,nan,nan,0.321,0.348,0.281,0.271,0.317,
0.358,0.381,0.562,0.375,nan,0.296,0.340,0.312,nan,0.292,
0.562,0.370,0.271,nan,0.188,0.317,0.342,0.375,nan,0.438,
