nan,0.349,0.298,0.334,0.332,0.299,0.375,0.292,0.344,nan,
0.422,0.304,0.304,0.349,0.333,0.375,0.350,0.324,0.274,0.188,
0.300,0.334,0.338,0.375,0.325,0.219,0.333,0.330,0.317,0.250,
0.344,0.334,0.267,0.312,0.375,0.375,nan,nan,0.438,nan,
nan,0.303,0.361,0.500,0.346,0.362,0.338,0.305,0.327,0.375,
nan,0.344,0.278,0.300,0.375,0.312,nan,nan,0.438,0.304,
0.300,nan,0.344,0.375,nan,0.167,0.354,0.250,0.295,0.312,
0.250,nan,0.375,nan,0.438,0.375,0.341,0.318,0.365,nan,
0.312,0.188,0.329,0.277,0.338,0.250,0.303,0.295,0.356,0.364,
nan,0.438,0.325,0.351,0.355,0.341,nan,nan,0.188,nan,
