0.250,nan,0.320,0.297,0.359,0.331,0.325,0.310,0.339,0.250,
0.297,0.094,0.469,0.260,0.297,0.375,0.335,0.365,0.330,0.350,
0.500,0.344,0.219,nan,nan,0.312,nan,0.188,0.422,nan,
nan,0.293,nan,nan,nan,0.250,nan,0.275,0.312,nan,
0.312,0.344,0.438,nan,nan,0.250,0.356,0.320,0.352,0.297,
0.225,0.300,0.312,0.312,0.219,0.279,0.305,0.321,0.362,0.344,
0.188,0.500,0.229,0.312,nan,0.321,0.344,0.312,0.299,0.339,
0.354,nan,0.312,0.125,0.289,0.336,0.355,0.319,0.250,0.373,
0.219,0.250,0.392,0.393,0.414,0.341,0.362,0.303,0.312,0.323,
0.312,0.301,0.438,0.332,0.312,0.309,0.319,0.351,0.295,0.346,
