0.250,0.406,0.250,nan,nan,0.250,0.375,0.375,0.188,nan,
0.359,0.438,nan,nan,nan,nan,nan,0.625,0.212,0.312,
0.297,0.500,nan,nan,nan,nan,nan,nan,0.312,nan,
0.349,0.344,nan,nan,nan,0.500,nan,nan,0.396,nan,
0.250,0.438,nan,0.312,0.350,0.275,0.350,0.271,0.303,0.344,
0.377,0.281,0.347,0.292,0.312,0.341,0.342,0.350,0.417,0.323,
nan,0.328,0.342,0.324,0.312,0.342,0.438,0.292,0.347,0.344,
0.356,0.324,0.250,0.351,0.357,0.322,0.319,0.409,0.326,0.363,
0.347,0.326,0.346,0.319,0.402,0.324,0.326,0.337,0.219,0.352,
0.312,0.330,0.328,0.250,nan,0.348,0.321,0.309,0.300,0.375,
