348.000,nan,nan,nan,nan,nan,nan,0.000,176.250,100.000,
171.500,nan,nan,0.000,nan,nan,nan,nan,116.867,54.857,
118.200,77.667,0.000,114.000,0.000,nan,nan,nan,107.250,6.000,
106.135,83.250,79.200,117.000,nan,0.000,nan,nan,0.000,58.500,
153.600,119.118,109.200,35.727,69.000,130.667,nan,nan,297.000,123.750,
135.000,131.700,66.000,150.000,116.000,151.588,157.059,0.000,nan,111.706,
51.000,156.000,273.750,75.600,0.000,141.857,18.750,0.000,126.273,0.000,
34.000,166.000,0.000,33.000,143.727,115.250,121.826,101.667,132.519,227.625,
116.778,141.615,83.500,141.225,64.800,134.812,160.833,186.000,118.800,132.500,
121.167,127.320,35.000,123.000,159.000,0.000,124.000,126.176,274.500,174.000,
