nan,133.500,99.818,187.000,111.000,160.200,123.462,163.286,215.000,0.000,
0.000,nan,nan,78.000,nan,nan,0.000,0.000,106.200,148.909,
134.217,138.857,0.000,nan,nan,nan,nan,nan,78.000,59.000,
28.500,42.000,nan,nan,0.000,nan,nan,0.000,117.000,0.000,
133.500,296.143,nan,nan,102.500,nan,0.000,162.000,164.667,120.562,
115.333,141.273,29.250,nan,122.455,80.700,122.786,115.500,270.000,107.727,
261.000,9.000,145.412,0.000,174.750,79.500,125.750,159.750,79.125,195.000,
95.571,139.667,113.400,155.000,133.312,138.240,99.150,78.484,99.833,30.000,
97.000,124.941,197.308,152.657,106.250,115.941,128.136,96.900,108.000,97.933,
72.000,145.610,93.000,98.400,0.000,164.250,133.340,156.830,92.250,140.769,
