0.348,0.335,nan,0.500,0.156,0.281,0.292,nan,0.312,0.342,
0.307,0.304,0.319,0.271,0.317,0.380,0.359,nan,nan,0.312,
0.353,0.328,0.223,0.375,0.330,0.297,nan,0.319,0.250,0.339,
0.375,0.188,0.315,0.358,0.266,0.369,0.359,0.359,0.336,0.328,
0.344,nan,0.250,0.406,0.365,0.344,0.531,0.358,0.316,0.369,
0.208,0.396,0.380,0.292,0.323,0.293,0.369,0.307,0.312,0.342,
0.298,0.341,nan,nan,0.438,0.500,0.314,0.356,0.312,0.299,
nan,nan,nan,nan,nan,nan,0.339,0.381,0.417,nan,
nan,nan,nan,nan,nan,0.125,0.342,0.281,nan,nan,
0.321,0.263,0.562,nan,nan,nan,0.364,0.312,0.250,0.350,
