0.334,0.331,0.331,nan,0.361,0.355,0.258,nan,0.269,0.366,
0.344,0.343,0.347,0.355,0.341,0.306,0.435,nan,nan,0.368,
0.258,0.295,0.351,0.387,nan,0.258,0.419,0.298,0.290,nan,
0.346,0.355,0.353,0.338,0.309,0.350,0.330,0.321,0.367,0.323,
0.329,0.290,0.312,0.258,0.351,0.329,0.396,0.267,0.355,0.430,
0.355,0.312,0.258,0.419,nan,0.403,0.244,0.339,0.321,0.358,
0.326,0.352,0.306,nan,nan,0.274,0.328,0.345,0.290,0.324,
0.339,0.305,0.258,nan,nan,nan,0.339,0.305,0.258,0.355,
0.194,0.348,0.323,nan,nan,0.366,0.329,nan,nan,0.387,
0.318,0.332,0.274,nan,nan,0.300,0.278,0.317,0.323,0.325,
