0.258,0.387,0.382,0.361,0.435,0.548,0.290,0.353,0.311,0.301,
0.194,0.286,0.315,0.419,nan,0.323,0.335,0.306,0.329,0.323,
0.336,0.339,0.321,0.361,0.258,nan,0.395,0.373,0.339,0.355,
0.323,0.355,0.348,0.258,0.194,nan,nan,0.484,0.327,0.387,
nan,nan,0.355,0.323,0.312,0.298,0.323,0.323,0.323,0.381,
0.258,0.329,0.323,0.333,0.371,0.360,0.295,0.286,0.357,0.326,
0.301,0.323,nan,0.355,0.308,0.290,0.333,0.306,0.323,0.327,
0.403,nan,nan,nan,0.306,0.323,0.332,0.332,0.290,0.334,
nan,0.452,0.374,0.292,0.277,0.295,0.322,0.326,0.336,0.297,
0.258,0.326,0.344,0.297,0.351,0.226,0.316,0.331,0.329,0.302,
