200.143,0.000,nan,0.000,nan,35.000,nan,57.750,27.000,140.357,
nan,28.500,114.000,0.000,nan,122.000,151.286,77.000,156.857,129.857,
240.000,123.848,102.583,140.400,0.000,nan,nan,nan,28.000,nan,
118.200,85.375,83.250,114.188,92.786,nan,nan,357.000,nan,nan,
136.875,318.000,96.000,88.500,132.562,194.250,60.333,105.900,30.000,115.200,
95.045,100.500,287.143,0.000,96.429,163.500,46.000,97.250,88.200,105.600,
124.154,133.000,101.000,103.714,0.000,nan,0.000,146.727,165.429,87.000,
124.250,161.400,122.500,0.000,345.000,146.700,0.000,68.400,118.895,139.500,
126.188,119.302,nan,nan,nan,127.371,152.897,124.574,136.875,159.400,
104.400,78.536,190.714,117.500,nan,85.607,97.607,130.500,3.000,48.000,
