0.312,0.305,0.338,0.349,0.336,0.345,0.321,0.350,0.340,nan,
0.333,0.301,0.344,0.324,0.396,0.323,0.356,0.334,0.339,0.125,
0.310,0.339,0.308,0.200,nan,0.188,0.365,0.362,0.328,0.420,
0.275,0.333,0.297,nan,nan,nan,nan,0.312,0.312,0.438,
nan,0.300,0.379,nan,0.375,0.325,0.250,0.250,0.331,0.323,
0.281,0.562,0.259,0.344,0.375,0.344,nan,nan,0.338,0.361,
nan,nan,0.359,nan,0.375,0.381,0.338,0.250,0.188,0.271,
0.347,nan,0.344,nan,0.375,0.300,0.372,0.347,0.344,0.344,
0.375,0.312,0.285,0.369,0.340,0.312,0.302,0.331,0.292,0.350,
nan,nan,0.324,0.342,0.309,0.392,nan,nan,nan,nan,
