0.378,0.250,0.325,nan,nan,nan,0.500,nan,0.330,0.332,
0.188,0.250,0.250,nan,nan,nan,nan,0.332,0.337,0.312,
0.227,0.338,0.328,0.188,nan,nan,nan,nan,0.333,0.271,
0.317,0.312,0.299,0.333,0.321,nan,nan,nan,nan,0.312,
0.438,0.309,0.362,0.292,0.271,0.271,0.188,0.375,nan,0.344,
0.287,0.359,0.349,0.188,0.359,0.304,0.344,0.312,0.275,0.346,
0.362,0.308,0.368,0.500,0.250,0.438,0.250,0.303,0.243,0.302,
0.293,0.357,0.375,0.212,0.330,0.337,0.312,0.369,0.312,0.359,
0.330,0.347,0.295,0.323,nan,0.295,0.356,0.352,0.328,0.319,
0.393,0.287,0.336,0.396,0.229,0.375,0.323,0.411,0.219,0.219,
