nan,81.000,81.273,151.750,138.682,0.000,156.000,136.250,63.562,125.000,
0.000,156.500,204.750,133.800,0.000,nan,92.870,75.000,118.889,142.500,
110.464,140.845,143.550,71.812,nan,nan,171.692,145.571,79.500,216.000,
0.000,113.727,162.000,0.000,126.000,156.000,nan,20.250,75.429,nan,
nan,138.000,nan,0.000,53.400,122.455,91.200,0.000,169.071,nan,
35.143,94.312,87.000,15.000,60.500,166.286,77.250,nan,nan,0.000,
0.000,nan,0.000,nan,184.500,265.000,124.286,nan,96.333,124.600,
nan,nan,nan,46.200,0.000,155.143,122.400,94.364,36.000,0.000,
nan,0.000,122.667,97.174,144.000,145.800,113.478,116.700,0.000,97.929,
nan,nan,61.500,129.652,134.830,200.571,95.455,104.000,54.750,32.143,
