0.312,0.312,0.375,0.281,0.381,0.260,0.333,0.344,0.306,0.375,
0.348,0.366,0.333,0.312,nan,0.312,0.321,0.266,0.351,0.375,
0.361,0.348,0.306,0.438,nan,nan,0.301,0.250,nan,0.250,
0.308,0.375,0.324,0.438,0.333,0.302,0.354,0.391,0.500,0.312,
0.295,0.312,0.287,nan,0.344,0.344,0.293,0.297,0.438,0.312,
0.266,0.324,0.250,0.312,0.380,0.328,0.318,0.412,0.326,0.375,
0.438,0.330,0.362,0.292,0.346,0.356,0.250,0.438,0.277,0.250,
0.188,0.292,0.354,0.289,0.300,0.406,0.281,0.299,0.369,0.250,
0.412,nan,nan,0.250,0.325,0.375,0.344,0.297,0.369,0.359,
nan,nan,nan,0.312,nan,0.406,0.324,0.338,0.330,nan,
