0.302,0.344,0.250,nan,nan,nan,0.292,0.250,0.391,0.275,
0.396,0.250,nan,0.188,nan,nan,nan,0.362,0.341,0.366,
nan,nan,nan,0.357,nan,nan,nan,nan,0.306,0.375,
0.275,0.312,0.500,0.562,nan,nan,nan,nan,nan,0.281,
0.341,0.292,0.279,0.333,0.438,0.531,0.188,0.438,0.333,0.328,
0.391,0.344,0.322,0.354,0.309,0.309,0.370,0.344,0.344,0.388,
0.312,0.286,0.334,0.339,0.422,0.335,0.438,0.354,0.306,0.297,
0.354,0.357,0.266,0.389,0.290,0.302,0.352,0.326,0.346,0.327,
0.309,0.336,0.359,0.345,0.287,0.318,0.325,0.329,0.320,0.393,
0.354,0.355,0.250,0.266,0.309,0.292,0.331,0.312,0.323,0.312,
