0.327,0.312,0.400,0.312,0.266,0.375,0.292,0.281,0.287,0.338,
0.325,0.333,0.341,0.333,0.345,0.330,0.281,0.250,0.337,0.342,
0.340,0.312,0.344,0.375,0.326,0.316,0.312,0.438,0.312,0.315,
0.344,0.350,0.250,0.362,0.375,nan,0.344,0.307,0.312,0.344,
0.300,0.358,0.324,0.312,0.312,0.406,0.312,0.298,0.305,0.344,
0.371,0.333,0.362,0.328,0.333,0.347,0.287,0.375,0.333,0.298,
0.375,0.326,0.312,nan,0.375,0.438,0.264,0.297,0.312,0.361,
0.375,0.354,nan,nan,nan,nan,0.365,0.358,0.295,0.271,
0.438,0.250,nan,nan,nan,nan,0.500,0.337,0.268,0.312,
0.304,nan,0.312,nan,nan,nan,0.292,0.381,0.562,0.375,
