0.361,0.297,0.312,nan,nan,nan,nan,nan,0.375,0.310,
0.375,0.312,nan,nan,nan,nan,nan,0.285,0.314,0.375,
0.388,0.353,0.309,0.362,nan,nan,nan,nan,0.281,0.336,
0.289,0.342,0.366,0.329,0.348,nan,nan,nan,nan,0.219,
0.375,0.315,0.359,0.250,nan,0.375,nan,0.344,0.312,0.438,
0.354,0.305,0.328,0.250,0.281,0.324,0.333,0.353,0.275,0.341,
0.330,0.330,0.331,nan,nan,0.250,0.500,0.352,0.359,0.338,
0.405,0.341,0.406,0.250,0.263,0.365,0.302,0.312,0.341,0.301,
0.332,0.316,0.275,0.305,0.312,0.363,0.335,0.338,0.315,0.333,
0.368,0.259,0.281,0.438,nan,0.312,0.321,0.274,0.375,0.312,
