nan,0.366,nan,0.250,0.354,0.361,0.351,0.327,0.328,0.336,
0.287,nan,nan,0.354,nan,0.330,0.337,0.312,0.289,0.316,
0.312,0.279,nan,0.188,nan,0.188,0.375,0.400,0.382,0.339,
nan,0.333,nan,nan,nan,nan,0.188,0.422,0.292,0.375,
0.344,0.333,nan,nan,nan,0.312,0.367,0.354,0.362,0.364,
0.250,0.352,nan,0.312,0.356,0.319,0.342,0.398,0.330,0.312,
nan,nan,nan,nan,0.344,0.292,0.325,0.292,0.359,0.312,
0.292,nan,nan,nan,0.312,0.358,0.356,0.237,0.354,0.307,
0.365,nan,0.281,0.375,0.312,0.312,0.342,0.357,0.354,0.388,
0.312,0.250,0.312,0.314,0.349,0.312,0.337,0.332,0.344,0.500,
