nan,0.375,0.359,0.458,0.305,0.458,0.312,0.391,0.406,nan,
nan,0.362,0.267,0.406,nan,0.375,nan,nan,nan,nan,
0.344,0.358,0.341,0.350,nan,nan,0.312,0.308,0.219,0.312,
0.321,0.295,0.281,0.325,0.383,nan,0.438,0.318,0.318,0.312,
0.379,0.312,0.306,0.125,0.304,0.368,0.237,0.310,0.438,0.344,
0.370,0.281,0.350,0.366,0.348,0.378,0.338,0.307,0.398,0.333,
0.375,nan,0.250,0.188,0.229,0.344,0.258,0.328,0.365,0.375,
0.438,nan,nan,0.438,0.316,0.344,0.354,0.296,0.322,0.229,
0.268,0.359,0.312,nan,0.344,0.404,0.375,0.335,0.362,0.394,
0.250,0.339,0.281,0.300,0.375,0.271,0.232,0.321,0.318,nan,
