0.339,0.344,0.375,nan,nan,nan,0.250,0.438,0.219,0.312,
0.271,0.458,nan,0.438,nan,nan,nan,0.338,0.333,0.304,
nan,nan,nan,0.277,nan,nan,nan,nan,0.340,0.375,
0.371,0.250,0.250,0.250,nan,nan,nan,nan,nan,0.312,
0.290,0.396,0.370,0.250,0.438,0.281,0.250,0.250,0.281,0.305,
0.328,0.344,0.336,0.333,0.335,0.334,0.345,0.438,0.375,0.319,
0.271,0.352,0.363,0.357,0.281,0.330,0.250,0.375,0.330,0.312,
0.292,0.309,0.375,0.243,0.401,0.354,0.348,0.277,0.308,0.327,
0.316,0.314,0.367,0.321,0.375,0.330,0.348,0.329,0.305,0.320,
0.340,0.318,0.281,0.391,0.312,0.375,0.349,0.357,0.349,0.319,
