0.334,0.354,0.292,0.188,0.333,0.312,0.531,nan,0.500,0.372,
0.340,0.329,0.359,0.354,0.370,0.219,0.339,0.312,nan,0.285,
0.417,0.344,0.379,0.335,0.323,0.375,0.312,0.271,nan,0.188,
0.306,0.354,0.333,0.310,0.271,0.333,0.319,0.321,0.297,0.406,
0.297,0.312,0.250,0.406,0.417,0.352,0.275,0.306,0.375,0.326,
0.312,0.348,0.312,0.219,0.250,0.375,0.281,0.352,0.380,0.341,
0.324,0.315,0.500,nan,nan,0.344,0.326,0.316,0.312,0.244,
0.406,0.258,0.375,nan,nan,0.375,0.344,0.297,0.250,0.406,
0.271,0.312,nan,nan,nan,nan,0.309,nan,nan,0.375,
0.347,0.375,0.312,nan,0.312,0.333,0.355,0.263,nan,0.356,
