0.317,0.500,0.339,0.281,0.344,0.297,0.347,0.312,0.330,0.366,
0.321,0.371,0.335,0.330,0.332,0.340,0.428,0.312,0.318,0.333,
0.331,0.375,0.344,0.406,0.340,0.358,0.338,0.375,0.365,0.314,
0.312,0.335,0.319,0.375,nan,nan,nan,0.375,nan,0.359,
0.328,0.359,0.315,0.406,nan,0.250,0.328,0.341,0.308,0.312,
0.346,0.366,0.321,0.312,0.375,0.316,0.625,0.336,0.329,0.360,
0.330,0.354,0.286,0.281,nan,0.312,0.312,0.325,0.225,0.297,
0.300,0.339,0.312,nan,nan,0.250,0.369,0.305,0.297,0.312,
0.375,nan,nan,nan,nan,0.312,0.292,0.357,0.333,nan,
0.312,0.500,0.625,nan,nan,nan,0.375,0.262,0.281,0.375,
