0.375,0.312,0.350,0.330,0.367,0.375,0.240,0.291,0.389,0.357,
0.250,0.333,0.338,0.362,0.562,nan,0.312,0.317,0.335,0.312,
0.365,0.330,0.315,0.219,nan,0.406,0.352,0.352,0.406,0.281,
nan,0.312,0.360,0.333,0.292,0.350,0.344,0.250,0.281,0.375,
nan,0.266,0.250,nan,0.292,0.369,0.359,0.312,0.324,nan,
nan,0.312,0.375,0.062,0.562,0.369,nan,0.375,nan,0.250,
0.344,0.312,0.375,nan,0.292,0.326,0.338,0.438,0.375,0.354,
nan,nan,0.406,0.312,0.250,0.344,0.306,0.335,nan,0.312,
nan,nan,0.342,0.289,0.335,0.364,0.332,0.296,0.375,0.312,
nan,nan,0.393,0.319,0.341,0.364,0.427,0.375,0.375,nan,
