0.276,0.312,0.417,nan,nan,nan,nan,0.375,0.344,0.353,
0.125,0.312,0.562,0.438,0.312,0.375,0.344,0.294,0.362,0.306,
0.304,0.357,0.324,0.326,nan,0.312,0.125,0.438,0.312,0.344,
0.323,0.350,0.310,0.380,0.354,nan,nan,nan,nan,0.438,
0.383,0.348,0.375,0.312,0.317,0.427,0.406,0.317,0.500,0.364,
0.341,0.330,0.326,0.344,0.278,0.338,0.250,0.329,0.336,0.368,
0.339,0.336,0.357,0.339,0.250,0.188,nan,0.300,0.302,0.354,
0.350,0.363,0.406,0.375,0.312,0.367,0.400,0.333,0.325,0.367,
0.366,0.349,0.375,0.406,nan,0.335,0.366,0.353,0.298,0.342,
0.354,0.300,0.354,0.325,nan,0.401,0.307,0.317,0.375,0.312,
