0.323,0.375,0.417,nan,nan,nan,nan,0.250,0.312,0.316,
0.125,0.312,0.406,0.312,0.562,0.281,0.323,0.481,0.348,0.368,
0.312,0.351,0.316,0.340,nan,0.312,0.312,0.125,0.271,0.281,
0.240,0.340,0.337,0.377,0.278,nan,nan,nan,nan,0.375,
0.281,0.366,0.354,0.388,0.303,0.271,0.344,0.312,0.250,0.352,
0.389,0.330,0.338,0.375,0.361,0.324,0.453,0.346,0.312,0.368,
0.283,0.345,0.339,0.402,0.250,0.312,nan,0.344,0.292,0.375,
0.296,0.340,0.250,0.438,0.389,0.296,0.287,0.300,0.379,0.367,
0.332,0.341,0.344,0.250,nan,0.348,0.361,0.356,0.344,0.283,
0.306,0.362,0.340,0.388,nan,0.323,0.349,0.281,0.406,0.333,
