0.000,129.000,106.286,143.700,0.000,208.714,197.222,97.250,83.786,116.250,
219.000,nan,0.000,147.667,nan,nan,222.000,nan,184.000,119.000,
90.000,121.333,75.000,0.000,nan,nan,nan,nan,126.000,6.000,
nan,369.000,0.000,nan,nan,nan,0.000,62.571,70.500,0.000,
0.000,103.105,123.000,0.000,51.545,0.000,0.000,199.800,96.789,184.286,
0.000,119.000,142.000,86.700,76.636,176.000,259.364,100.500,154.714,84.000,
156.000,143.500,202.500,0.000,89.400,54.000,164.727,120.750,151.800,129.474,
125.000,150.750,132.214,72.750,114.200,116.625,142.884,127.875,0.000,152.400,
105.778,47.550,129.182,148.773,2.333,131.444,158.897,149.667,98.000,103.773,
88.714,125.308,105.000,136.000,0.000,169.667,150.324,113.763,202.500,63.000,
