0.375,0.250,0.362,0.356,0.350,0.350,0.323,0.362,0.312,0.339,
0.625,0.290,0.338,0.400,0.312,nan,0.351,0.317,0.352,0.388,
0.330,0.334,0.356,0.375,nan,0.344,0.292,0.355,0.250,0.344,
nan,0.276,0.333,0.438,0.312,0.375,0.438,0.500,0.375,0.062,
nan,0.219,0.354,nan,0.271,0.410,0.312,0.271,0.398,nan,
nan,0.400,0.250,0.188,0.312,0.358,nan,0.312,nan,0.312,
0.344,0.312,0.125,nan,0.312,0.354,0.362,0.250,0.348,0.424,
nan,nan,0.219,0.250,0.375,0.333,0.300,0.335,nan,0.125,
nan,nan,0.306,0.320,0.339,0.409,0.345,0.335,0.396,0.234,
nan,nan,0.366,0.336,0.333,0.330,0.312,0.324,0.375,nan,
