0.329,0.309,0.229,0.312,nan,nan,0.188,0.278,nan,0.352,
0.391,0.312,nan,0.250,0.375,0.318,nan,0.274,0.303,0.415,
0.308,0.326,0.328,0.333,0.312,0.312,0.375,0.312,nan,0.250,
0.375,0.350,0.328,0.322,0.337,0.312,0.385,nan,nan,nan,
0.297,0.328,0.266,nan,0.354,0.302,0.278,0.231,0.344,0.312,
0.368,0.396,0.312,0.438,0.330,0.324,0.328,0.301,0.298,0.273,
0.255,0.312,0.375,0.292,0.312,0.333,0.312,0.312,0.396,0.321,
0.366,0.312,nan,0.375,nan,0.292,0.328,0.318,0.385,0.312,
0.327,0.341,0.319,nan,0.250,0.314,0.335,0.319,0.312,0.453,
0.312,0.338,0.312,0.354,0.250,0.323,0.302,0.285,0.438,nan,
