0.406,0.318,nan,0.344,0.307,0.214,0.125,0.375,0.374,0.281,
0.348,0.344,0.348,0.287,nan,0.438,0.406,0.344,0.325,0.344,
0.342,0.352,0.323,0.384,nan,nan,0.328,0.229,nan,0.340,
0.321,0.331,0.375,nan,nan,nan,0.312,0.341,nan,0.250,
0.321,0.344,0.438,0.562,0.406,0.310,0.337,0.317,0.333,0.406,
0.349,0.332,0.344,0.309,0.385,0.331,0.338,0.281,0.312,0.333,
nan,0.301,0.330,0.345,0.250,nan,0.188,nan,0.284,nan,
nan,0.347,0.352,0.328,0.375,0.312,0.344,0.340,0.301,0.250,
nan,nan,0.375,0.391,nan,0.375,0.353,0.352,0.365,0.188,
0.375,nan,nan,0.188,0.188,0.354,0.361,0.369,0.364,nan,
