nan,0.188,0.292,0.271,0.438,0.302,0.336,0.297,0.349,0.281,
0.375,0.375,nan,0.292,0.297,0.305,0.334,0.292,0.344,0.352,
0.438,0.375,0.268,0.312,nan,nan,0.250,0.375,0.350,0.281,
nan,0.332,0.406,nan,nan,nan,0.375,0.312,0.385,0.344,
0.375,0.303,nan,nan,nan,0.375,0.363,0.365,0.332,0.330,
nan,0.294,nan,0.312,0.125,0.348,0.348,0.323,0.298,0.308,
0.312,0.312,0.250,0.250,nan,0.333,0.352,0.271,0.302,0.312,
0.359,0.125,nan,nan,0.266,0.335,0.293,0.438,0.322,0.294,
0.312,0.312,0.350,0.188,0.375,0.312,0.306,0.312,0.500,0.341,
0.333,0.341,0.425,0.339,0.375,0.309,0.345,0.345,0.296,0.304,
