84.000,127.765,88.500,nan,0.000,149.478,66.000,0.000,57.429,252.750,
90.529,72.462,nan,0.000,104.250,102.857,0.000,172.200,0.000,0.000,
165.462,91.600,72.000,99.000,0.000,0.000,18.000,50.500,40.000,0.000,
138.000,94.448,147.353,114.173,86.143,93.000,171.286,153.353,136.588,0.000,
97.500,0.000,130.000,118.500,nan,133.174,92.250,202.000,171.000,nan,
118.345,49.500,137.100,nan,nan,nan,322.000,120.643,121.723,175.500,
132.774,90.000,106.000,nan,nan,322.500,75.692,154.333,166.154,112.667,
133.333,135.500,159.333,nan,nan,284.000,0.000,nan,45.000,138.857,
130.000,166.800,133.200,nan,0.000,67.154,203.053,0.000,nan,nan,
0.000,42.250,80.118,0.000,nan,139.333,240.000,68.000,0.000,178.000,
