0.375,0.307,0.338,0.400,0.375,0.369,0.343,0.298,0.336,0.326,
0.391,0.388,nan,nan,nan,0.302,0.309,0.325,0.305,0.317,
0.271,0.324,0.312,nan,nan,nan,0.319,0.344,0.304,0.402,
0.500,0.344,0.375,nan,nan,nan,0.344,nan,0.359,0.359,
0.438,0.281,nan,nan,0.344,0.297,0.309,0.362,0.316,0.372,
0.438,0.308,nan,0.375,0.375,0.344,0.321,0.341,0.354,0.287,
0.375,nan,nan,nan,0.391,0.241,0.375,0.352,nan,0.362,
nan,nan,nan,nan,0.344,0.323,0.327,0.359,0.346,0.335,
0.281,nan,nan,0.385,0.375,0.300,0.340,0.346,0.337,0.188,
nan,0.406,0.333,0.327,0.326,0.338,0.328,0.320,0.309,0.250,
