nan,0.330,nan,0.375,0.323,0.300,0.333,0.347,0.336,0.336,
0.438,nan,nan,0.354,nan,0.341,0.341,0.325,0.352,0.371,
0.312,0.351,nan,0.500,nan,0.438,0.250,0.287,0.330,0.328,
nan,0.318,nan,nan,nan,nan,0.438,0.297,0.312,0.292,
0.188,0.250,nan,nan,nan,0.500,0.310,0.333,0.333,0.339,
0.312,0.352,nan,0.375,0.351,0.306,0.330,0.242,0.348,0.312,
nan,nan,nan,nan,0.250,0.396,0.275,0.347,0.312,0.375,
0.375,nan,nan,nan,0.375,0.318,0.295,0.362,0.333,0.312,
0.318,nan,0.344,0.325,0.385,0.383,0.327,0.311,0.396,0.300,
0.531,0.219,0.250,0.358,0.307,0.334,0.314,0.301,0.325,0.250,
