0.271,0.326,0.333,0.334,0.351,0.281,0.305,0.312,0.333,nan,
0.344,0.361,0.425,0.314,0.292,0.268,0.333,0.330,0.264,0.375,
0.341,0.330,0.296,0.307,0.312,nan,0.356,0.321,0.286,0.375,
0.271,0.337,0.363,0.500,nan,nan,0.312,0.156,0.458,0.406,
0.312,0.312,0.375,0.250,0.330,0.415,0.348,0.312,0.334,0.277,
0.422,nan,0.375,0.531,0.312,0.438,0.500,0.312,0.369,0.287,
0.344,nan,0.339,0.250,nan,0.306,0.294,0.333,0.438,0.388,
0.295,0.438,0.330,0.438,0.312,nan,0.340,0.363,0.469,0.375,
0.312,0.250,0.357,0.342,0.310,0.425,0.312,0.338,0.312,nan,
nan,0.250,0.331,0.333,0.352,0.322,0.562,0.250,0.250,nan,
