nan,0.323,0.324,0.346,0.296,0.361,0.256,0.333,0.367,nan,
0.297,0.337,0.326,0.338,0.283,0.344,0.336,0.371,0.346,0.188,
0.319,0.332,0.354,0.286,0.300,0.250,0.389,0.351,0.339,0.375,
0.281,0.331,0.372,0.333,0.375,0.333,nan,nan,0.562,nan,
nan,0.332,0.347,0.312,0.329,0.338,0.287,0.320,0.356,0.438,
nan,0.281,0.396,0.300,0.312,0.321,nan,nan,0.208,0.317,
0.400,nan,0.297,0.375,nan,0.375,0.361,0.312,0.330,0.250,
0.250,nan,0.250,nan,0.250,0.188,0.365,0.349,0.354,nan,
0.438,0.312,0.317,0.320,0.352,0.312,0.344,0.353,0.279,0.307,
nan,0.250,0.375,0.335,0.333,0.341,nan,nan,0.438,nan,
