nan,161.750,101.647,130.576,108.652,126.000,55.200,143.000,131.250,nan,
70.500,98.419,91.216,142.227,72.400,58.500,125.919,142.588,136.385,0.000,
168.300,144.692,55.800,189.857,74.400,51.000,157.333,159.333,224.571,0.000,
180.750,78.000,129.682,58.000,0.000,104.000,nan,nan,0.000,nan,
nan,90.632,109.333,0.000,108.600,113.800,9.600,39.375,127.385,72.000,
nan,15.000,200.000,180.000,0.000,148.714,nan,nan,54.000,118.286,
176.400,nan,145.500,0.000,nan,240.000,140.000,0.000,87.857,0.000,
0.000,nan,0.000,nan,0.000,0.000,161.125,200.500,169.500,nan,
0.000,0.000,167.400,90.750,129.545,172.000,164.850,69.000,112.846,151.636,
nan,0.000,146.700,130.328,134.691,55.385,nan,nan,0.000,nan,
