173.250,0.000,132.000,nan,nan,nan,nan,0.000,162.000,165.353,
0.000,0.000,213.000,0.000,0.000,0.000,8.000,194.700,169.200,92.333,
160.714,97.929,88.853,64.667,nan,0.000,0.000,0.000,235.000,87.000,
240.000,101.333,141.391,143.423,87.333,nan,nan,nan,nan,0.000,
52.125,153.214,142.000,124.200,62.769,64.000,15.000,60.429,0.000,155.455,
105.692,157.909,134.625,24.000,94.000,141.353,46.500,138.400,150.000,144.667,
127.105,98.684,150.429,78.000,0.000,0.000,nan,147.300,132.000,201.000,
108.600,80.812,120.750,0.000,146.000,180.600,114.600,86.400,186.800,87.750,
136.091,143.000,205.500,312.000,nan,92.438,91.950,156.050,137.182,157.429,
108.333,93.400,121.000,136.200,nan,93.750,84.136,84.000,0.000,0.000,
