nan,0.338,0.324,0.331,0.352,0.281,0.320,0.347,0.402,0.188,
0.271,0.340,0.363,0.309,0.333,0.500,0.320,0.344,0.362,nan,
0.312,0.350,0.342,0.410,0.438,nan,0.310,0.383,0.357,0.438,
0.312,0.328,0.329,0.406,0.344,0.188,0.250,0.125,0.375,nan,
0.250,0.410,0.331,0.312,0.304,0.339,0.292,0.281,0.328,nan,
nan,0.438,0.359,0.250,nan,0.219,0.438,nan,0.625,0.312,
0.297,nan,0.344,nan,nan,0.304,0.336,0.250,0.125,0.188,
nan,nan,nan,nan,0.292,0.281,0.387,0.406,0.312,nan,
nan,0.312,0.312,0.296,0.348,0.375,0.360,0.323,0.335,0.307,
nan,0.438,0.359,0.328,0.334,0.301,0.250,0.312,nan,0.438,
