0.344,0.300,0.250,0.125,0.375,0.438,0.250,0.312,0.417,0.283,
0.304,0.327,0.438,0.328,0.333,0.333,0.396,0.367,0.312,0.438,
0.273,0.362,0.237,0.336,nan,nan,0.469,0.312,nan,0.312,
0.344,0.350,0.330,0.318,nan,0.388,0.355,0.340,0.349,0.250,
0.333,0.266,0.303,0.400,0.287,0.296,0.312,0.319,0.361,nan,
0.309,0.398,0.330,0.312,nan,0.320,0.332,0.333,0.312,0.250,
0.422,0.341,0.412,nan,nan,0.375,0.469,0.331,0.333,0.304,
0.307,0.296,0.307,0.312,0.500,0.352,0.330,0.362,0.301,0.330,
0.358,0.322,0.438,nan,0.375,0.346,0.320,0.347,0.229,0.375,
0.394,0.312,0.393,0.240,nan,0.369,0.364,nan,nan,0.312,
