179.714,0.000,92.500,80.400,40.800,63.750,162.000,21.600,54.000,142.286,
138.857,138.857,93.818,138.000,129.261,121.829,95.077,138.000,132.514,97.600,
108.628,169.286,195.750,27.000,158.333,110.182,103.800,0.000,67.000,112.917,
99.500,116.471,93.789,154.000,nan,nan,nan,151.909,nan,0.000,
109.500,153.750,112.935,285.000,nan,66.000,130.500,106.636,54.643,288.000,
120.400,58.714,134.933,80.000,69.000,110.000,0.000,136.714,88.784,62.000,
129.429,92.750,118.750,30.000,nan,0.000,165.600,79.200,57.600,163.500,
43.800,91.500,25.875,nan,nan,0.000,94.500,129.288,132.250,82.500,
0.000,nan,nan,nan,nan,0.000,82.500,94.560,235.000,nan,
177.000,0.000,0.000,nan,nan,nan,98.000,105.375,27.000,0.000,
