157.000,79.625,119.786,72.600,191.000,99.000,108.632,119.382,107.769,148.929,
nan,73.333,0.000,nan,0.000,81.000,127.714,134.600,131.200,nan,
245.000,134.719,252.000,nan,nan,0.000,87.545,nan,89.000,134.400,
nan,0.000,nan,nan,0.000,nan,0.000,nan,132.000,0.000,
nan,0.000,nan,0.000,163.909,83.700,90.273,154.333,160.000,191.000,
0.000,187.286,0.000,123.000,108.720,119.160,149.217,117.000,0.000,102.000,
0.000,0.000,nan,0.000,150.000,93.000,166.286,nan,nan,152.250,
80.143,nan,nan,nan,nan,165.333,128.345,157.500,137.000,96.706,
183.000,123.600,120.000,144.214,0.000,63.200,157.567,84.077,82.256,72.000,
119.000,122.118,76.286,114.480,94.000,76.000,85.780,139.071,146.710,150.000,
