0.324,0.322,0.424,0.333,nan,0.312,0.312,0.229,0.250,0.336,
0.321,0.348,0.319,0.372,0.318,0.323,0.298,0.317,0.340,0.317,
0.365,0.295,0.406,0.562,0.321,0.323,0.273,0.323,0.300,0.310,
0.260,0.438,0.336,0.295,0.362,0.393,0.327,0.299,0.406,0.406,
0.348,0.500,0.375,0.188,nan,0.325,0.375,0.309,0.341,0.344,
0.208,nan,0.342,0.375,0.344,0.312,0.344,0.375,0.370,0.301,
0.396,0.362,0.333,0.250,nan,nan,0.287,0.406,0.219,0.333,
0.469,nan,nan,nan,nan,nan,0.324,0.336,0.250,nan,
nan,nan,nan,nan,nan,nan,0.304,0.406,nan,nan,
0.350,0.422,nan,nan,nan,nan,0.417,0.312,nan,0.250,
