nan,0.226,0.323,0.344,0.347,0.287,nan,0.323,nan,nan,
nan,0.315,0.323,0.387,0.387,0.339,nan,nan,nan,nan,
0.274,0.361,0.334,0.341,0.226,nan,nan,0.269,nan,nan,
0.516,0.355,0.336,0.340,0.329,0.379,0.381,0.338,0.336,nan,
0.353,0.355,0.317,0.325,0.351,0.344,0.334,0.332,0.290,0.398,
0.452,0.387,0.419,0.355,0.354,0.323,0.359,0.317,0.327,0.355,
nan,nan,nan,nan,0.343,0.349,0.309,0.327,0.331,0.344,
0.290,nan,0.548,0.339,0.319,0.312,0.341,0.355,0.323,0.403,
0.375,nan,0.419,nan,0.361,0.348,0.323,0.345,0.347,0.348,
nan,0.308,0.330,0.304,0.347,nan,0.484,0.316,0.351,nan,
