nan,0.500,nan,0.203,0.310,0.388,nan,0.312,nan,nan,
nan,nan,0.367,0.312,nan,nan,nan,nan,nan,nan,
nan,0.344,0.332,0.300,nan,nan,nan,nan,nan,nan,
0.688,0.292,0.368,0.384,0.363,0.295,0.406,0.278,0.344,nan,
0.375,0.281,0.500,0.385,0.319,0.337,0.355,0.269,nan,nan,
0.312,0.375,0.375,0.339,0.330,0.330,0.303,0.348,0.379,0.188,
nan,nan,0.250,0.344,0.306,0.322,0.357,0.319,0.341,nan,
nan,nan,nan,0.395,0.329,0.341,0.304,0.342,0.286,0.292,
0.325,nan,0.284,0.297,0.188,0.315,0.300,0.345,0.301,0.336,
nan,0.359,0.347,0.292,0.250,0.275,0.188,0.392,0.391,nan,
