0.312,0.361,0.285,0.328,0.333,0.367,0.328,0.346,0.321,nan,
0.333,0.346,0.163,0.334,0.354,0.312,0.350,0.326,0.333,0.250,
0.358,0.324,0.349,0.396,0.375,nan,0.288,0.321,0.385,0.388,
0.312,0.335,0.309,0.188,nan,nan,0.438,0.500,0.250,0.281,
0.312,0.384,0.302,0.125,0.304,0.324,0.348,0.312,0.332,0.420,
0.375,nan,0.354,0.250,0.438,0.250,0.312,0.312,0.284,0.250,
0.188,nan,0.304,0.188,nan,0.368,0.346,0.479,0.469,0.312,
0.347,0.250,0.321,0.375,0.375,nan,0.309,0.328,0.344,0.375,
0.438,0.250,0.366,0.339,0.321,0.275,0.353,0.362,0.344,nan,
nan,0.438,0.319,0.335,0.344,0.326,0.312,0.438,0.469,nan,
