98.400,70.000,0.000,0.000,nan,nan,0.000,128.667,nan,139.909,
60.000,100.500,nan,0.000,78.500,100.000,nan,149.769,137.538,110.182,
114.923,147.583,128.880,92.000,0.000,9.000,0.000,276.750,nan,0.000,
0.000,120.360,113.780,121.737,103.565,72.000,205.000,nan,nan,nan,
174.750,69.750,75.750,nan,313.000,74.000,160.000,118.800,210.000,251.000,
139.667,130.000,82.667,0.000,204.818,96.000,42.000,114.444,138.000,124.875,
155.250,132.500,129.000,131.500,0.000,67.000,0.000,206.571,106.000,70.714,
259.714,116.625,nan,0.000,nan,220.500,66.000,155.182,152.000,144.000,
146.118,96.048,123.000,nan,0.000,114.750,113.800,177.927,72.750,207.000,
85.800,137.400,134.824,162.500,192.000,166.833,130.080,130.333,0.000,nan,
