0.349,0.365,0.358,0.387,nan,0.312,nan,nan,0.419,0.336,
0.326,0.350,0.314,0.306,0.358,nan,nan,0.274,nan,0.387,
0.304,0.309,0.353,0.360,0.258,0.411,0.363,0.335,0.419,nan,
0.323,0.315,0.334,0.322,0.290,0.333,0.314,0.351,0.323,0.290,
0.258,0.484,0.323,0.347,nan,0.349,0.336,0.394,0.355,nan,
0.323,0.378,0.355,0.290,nan,0.306,0.387,0.341,0.328,0.323,
0.319,0.326,0.310,nan,nan,0.339,0.393,0.387,0.300,0.323,
0.340,0.305,0.346,nan,nan,0.452,0.371,0.313,0.355,0.339,
0.399,0.344,nan,nan,nan,0.343,0.303,0.387,nan,0.323,
0.427,0.315,0.335,nan,nan,0.350,0.365,0.312,nan,nan,
