0.334,0.317,0.403,nan,0.419,nan,0.323,nan,nan,0.346,
0.345,0.324,0.320,0.348,0.326,0.346,0.305,nan,nan,0.284,
0.419,0.234,0.355,0.358,0.387,nan,0.284,0.301,nan,nan,
0.339,0.327,0.327,0.335,nan,0.358,0.349,0.323,0.355,nan,
0.355,0.355,0.290,0.332,0.355,0.376,0.306,0.299,0.306,0.341,
0.398,0.318,0.363,0.387,0.333,0.258,0.304,0.319,0.334,0.316,
0.356,0.312,nan,nan,0.161,0.323,0.339,0.312,0.325,0.355,
0.312,0.352,nan,nan,nan,nan,0.347,0.328,0.306,nan,
0.323,0.290,nan,nan,nan,nan,0.347,0.258,nan,0.323,
0.338,0.406,nan,nan,0.323,0.355,0.333,0.194,nan,0.324,
