0.210,nan,nan,nan,nan,nan,nan,0.258,0.355,0.344,
0.371,nan,nan,0.387,nan,nan,nan,nan,0.341,0.286,
0.361,0.362,0.419,0.366,0.355,nan,nan,nan,0.323,0.290,
0.349,0.347,0.316,0.329,nan,0.258,nan,nan,0.371,0.332,
0.303,0.345,0.307,0.334,0.296,0.344,nan,nan,0.161,0.328,
0.363,0.321,0.329,0.336,0.317,0.361,0.340,0.387,nan,0.343,
0.296,0.328,0.315,0.342,0.290,0.401,0.343,0.355,0.308,0.226,
0.328,0.258,0.323,0.306,0.343,0.359,0.344,0.328,0.307,0.335,
0.338,0.347,0.280,0.325,0.271,0.359,0.334,0.332,0.313,0.362,
0.357,0.314,0.317,0.376,0.339,0.323,0.280,0.336,0.301,0.290,
