0.359,0.284,nan,0.352,0.347,0.366,0.500,0.284,0.360,0.344,
0.354,0.309,0.321,0.338,nan,0.312,0.344,0.375,0.325,0.352,
0.389,0.323,0.320,0.388,nan,nan,0.328,0.438,nan,0.319,
0.333,0.381,0.338,nan,nan,nan,0.250,0.295,nan,0.375,
0.308,0.336,0.438,0.250,0.312,0.327,0.351,0.317,0.312,0.240,
0.359,0.367,0.312,0.302,0.322,0.294,0.392,0.323,0.347,0.338,
nan,0.307,0.312,0.296,0.354,nan,0.188,nan,0.300,nan,
nan,0.292,0.383,0.401,0.188,0.312,0.312,0.354,0.286,0.500,
nan,nan,0.438,0.297,nan,0.312,0.366,0.369,0.342,0.188,
0.312,nan,nan,0.250,0.375,0.292,0.347,0.319,0.364,nan,
