0.318,0.392,nan,0.363,0.312,0.366,0.250,0.381,0.318,0.354,
0.357,0.344,0.375,0.312,nan,0.375,0.344,0.344,0.358,0.242,
0.283,0.327,0.315,0.254,nan,nan,0.367,0.292,nan,0.312,
0.358,0.338,0.412,nan,nan,nan,0.312,0.330,nan,0.438,
0.329,0.344,0.188,0.250,0.312,0.319,0.340,0.330,0.396,0.417,
0.323,0.328,0.427,0.354,0.336,0.341,0.307,0.375,0.337,0.317,
nan,0.364,0.324,0.362,0.271,nan,0.438,nan,0.325,nan,
nan,0.382,0.320,0.266,0.438,0.292,0.469,0.326,0.330,0.375,
nan,nan,0.375,0.375,nan,0.312,0.362,0.324,0.309,0.438,
0.250,nan,nan,0.375,0.312,0.271,0.319,0.344,0.352,nan,
