0.319,0.340,0.306,0.325,0.344,0.344,0.354,nan,0.292,0.340,
0.316,0.333,0.301,0.303,0.375,0.338,0.348,0.188,0.266,0.312,
0.363,0.288,0.263,0.438,0.355,0.277,0.359,0.365,0.344,0.348,
0.350,nan,0.306,0.342,0.297,0.250,0.354,0.396,0.406,0.285,
0.312,nan,0.344,nan,0.500,0.319,0.375,0.375,0.335,0.295,
0.383,0.250,0.350,0.354,0.367,0.385,0.375,0.284,0.357,0.372,
0.341,0.333,0.281,nan,nan,0.406,0.278,0.438,0.438,0.385,
0.438,0.562,nan,nan,nan,0.188,0.309,0.359,0.354,0.438,
nan,nan,nan,nan,nan,0.250,0.359,0.312,0.375,nan,
0.371,0.275,0.188,nan,nan,0.250,0.355,0.250,nan,0.300,
