0.312,0.312,nan,0.375,0.375,0.306,0.343,0.304,0.396,nan,
0.350,0.328,0.312,0.312,0.350,0.318,0.368,0.338,0.304,0.367,
0.312,0.318,0.375,nan,nan,nan,0.156,0.312,0.312,0.281,
0.219,0.286,0.292,nan,nan,0.375,0.328,0.325,0.344,0.223,
0.312,0.475,nan,nan,nan,0.336,0.330,0.219,0.337,0.359,
0.375,0.325,nan,nan,0.300,0.188,0.357,0.391,0.333,0.339,
nan,nan,nan,nan,nan,0.312,0.338,0.339,0.393,0.375,
0.292,nan,nan,nan,0.281,0.328,0.344,0.406,0.297,0.353,
0.243,nan,0.406,0.250,0.352,0.324,0.321,0.352,0.330,0.384,
0.292,0.259,0.333,0.292,0.391,0.334,0.327,0.339,0.345,0.333,
