0.312,0.359,0.370,0.312,0.562,0.750,0.271,0.352,0.284,0.302,
0.219,0.289,0.312,0.438,nan,0.250,0.329,0.283,0.341,0.250,
0.329,0.357,0.333,0.369,0.188,nan,0.391,0.357,0.312,0.354,
0.375,0.359,0.344,0.250,0.062,nan,nan,0.500,0.339,0.500,
nan,nan,0.375,0.271,0.306,0.328,0.312,0.312,0.286,0.338,
0.250,0.325,0.297,0.354,0.344,0.365,0.278,0.312,0.322,0.333,
0.354,0.312,nan,0.250,0.306,0.312,0.347,0.375,0.250,0.312,
0.469,nan,nan,nan,0.312,0.380,0.346,0.350,0.281,0.357,
nan,0.500,0.312,0.296,0.275,0.268,0.324,0.319,0.345,0.237,
0.188,0.326,0.375,0.310,0.342,0.250,0.322,0.346,0.335,0.281,
