0.318,0.344,0.312,0.375,0.312,0.062,0.344,nan,0.375,0.306,
0.335,0.345,0.305,0.344,0.288,0.250,0.276,0.125,nan,0.361,
0.375,0.320,0.304,0.352,0.292,0.281,0.354,0.438,nan,0.188,
0.396,0.281,0.326,0.314,0.333,0.361,0.337,0.341,0.234,0.375,
0.339,0.438,0.250,0.391,0.326,0.312,0.263,0.419,0.312,0.347,
0.292,0.357,0.438,0.469,0.562,0.344,0.417,0.358,0.279,0.316,
0.344,0.299,0.312,nan,nan,0.312,0.319,0.383,0.330,0.381,
0.312,0.308,0.375,nan,nan,0.250,0.344,0.328,0.375,0.375,
0.292,0.281,nan,nan,nan,nan,0.301,nan,nan,0.375,
0.375,0.355,0.438,nan,0.250,0.292,0.319,0.312,nan,0.356,
