0.396,0.375,0.250,0.312,0.312,nan,0.062,nan,nan,nan,
0.375,0.438,nan,nan,0.438,nan,nan,nan,nan,nan,
nan,0.333,0.333,0.419,nan,nan,0.281,nan,nan,nan,
0.438,0.344,0.326,0.338,0.358,0.292,0.328,0.365,nan,nan,
0.331,0.318,0.359,0.306,0.338,0.327,0.317,0.311,0.375,nan,
0.285,0.312,0.406,0.320,0.316,0.292,0.338,0.352,0.319,nan,
nan,nan,nan,0.347,0.334,0.325,0.333,0.284,0.295,nan,
nan,nan,0.500,0.317,0.327,0.354,0.302,0.340,0.306,nan,
0.250,nan,0.323,0.267,nan,0.344,0.365,0.320,0.331,0.312,
0.438,0.243,0.324,0.287,nan,0.425,0.339,0.406,nan,nan,
