nan,90.000,0.000,186.000,138.000,264.000,nan,nan,nan,nan,
nan,0.000,105.750,nan,nan,nan,nan,nan,nan,nan,
0.000,88.364,112.216,96.714,0.000,nan,0.000,nan,0.000,nan,
14.000,88.500,113.571,80.000,115.941,286.000,99.818,158.333,93.000,nan,
181.000,52.875,279.000,99.000,127.149,110.333,163.065,87.900,70.000,nan,
nan,65.455,nan,76.800,125.464,127.105,130.846,140.091,128.455,0.000,
nan,0.000,0.000,80.800,94.125,80.750,113.526,104.609,133.765,nan,
nan,nan,nan,165.000,156.125,132.435,102.571,128.118,131.625,nan,
140.000,93.000,140.667,176.143,0.000,170.000,91.304,149.294,148.645,188.077,
nan,66.429,123.889,88.000,nan,156.000,nan,156.000,0.000,nan,
