0.344,0.327,0.452,0.304,0.345,nan,0.452,nan,nan,nan,
0.339,0.258,nan,nan,0.387,nan,nan,nan,nan,nan,
nan,0.366,0.339,0.342,nan,nan,0.355,nan,nan,nan,
0.366,0.403,0.350,0.329,0.331,0.247,0.315,0.360,nan,nan,
0.315,0.339,0.339,0.346,0.348,0.352,0.351,0.323,0.258,nan,
0.341,0.366,0.306,0.298,0.361,0.344,0.321,0.330,0.319,nan,
nan,nan,nan,0.297,0.312,0.333,0.331,0.368,0.370,nan,
nan,nan,0.065,0.380,0.328,0.324,0.335,0.296,0.332,nan,
0.290,nan,0.376,0.378,nan,0.367,0.313,0.334,0.371,0.419,
0.355,0.362,0.359,0.400,nan,0.323,0.364,0.258,nan,nan,
