nan,0.438,0.324,0.333,0.300,0.325,0.365,0.357,0.292,0.312,
0.344,nan,nan,0.375,nan,nan,0.562,0.562,0.263,0.307,
0.312,0.366,0.438,nan,nan,nan,nan,nan,0.344,0.344,
0.354,0.469,nan,nan,0.188,nan,nan,0.438,0.391,0.375,
0.375,0.277,nan,nan,0.333,nan,0.312,0.396,0.361,0.316,
0.292,0.295,0.453,nan,0.403,0.375,0.317,0.344,0.406,0.369,
0.312,0.219,0.305,0.250,0.375,0.338,0.312,0.312,0.383,0.438,
0.286,0.340,0.306,0.188,0.316,0.333,0.339,0.375,0.351,0.337,
0.333,0.377,0.226,0.323,0.333,0.371,0.330,0.338,0.438,0.342,
0.326,0.357,0.310,0.325,0.438,0.312,0.328,0.334,0.320,0.298,
