0.375,0.330,0.475,0.312,0.312,0.338,0.344,0.356,0.312,0.333,
0.328,0.287,nan,nan,nan,0.281,0.360,0.362,0.327,0.342,
0.188,0.332,0.312,nan,nan,nan,0.368,0.250,0.300,0.308,
0.312,0.328,0.250,nan,nan,nan,0.312,nan,0.312,0.375,
0.250,0.396,nan,nan,0.219,0.344,0.304,0.275,0.341,0.285,
0.375,0.348,nan,0.250,0.375,0.332,0.349,0.335,0.260,0.400,
0.250,nan,nan,nan,0.297,0.384,0.281,0.340,nan,0.306,
nan,nan,nan,nan,0.281,0.354,0.346,0.328,0.327,0.341,
0.359,nan,nan,0.406,0.312,0.338,0.320,0.348,0.309,0.344,
nan,0.281,0.417,0.317,0.333,0.347,0.337,0.385,0.368,0.375,
