0.329,0.356,0.375,nan,nan,0.326,0.250,0.367,0.365,0.336,
0.401,0.333,nan,0.344,0.325,0.688,0.406,0.326,0.438,0.250,
0.278,0.312,0.319,0.259,0.219,nan,0.406,0.500,nan,nan,
0.352,0.365,0.307,0.322,0.477,0.338,0.334,0.341,0.330,0.500,
0.328,nan,0.357,0.328,nan,0.312,0.362,0.346,0.355,0.312,
0.335,0.348,0.331,nan,nan,0.242,0.378,0.345,0.331,0.312,
0.322,0.331,0.406,nan,nan,0.321,0.328,0.375,0.316,0.375,
0.340,0.292,0.348,nan,nan,0.365,0.391,0.375,0.275,0.287,
0.312,0.323,0.250,nan,nan,0.347,0.346,0.359,0.438,nan,
0.388,0.403,0.332,0.375,nan,0.339,0.315,0.250,nan,nan,
