0.250,nan,0.328,0.344,0.453,0.292,0.338,0.312,0.429,0.312,
0.359,0.406,0.344,0.344,0.297,0.281,0.315,0.354,0.295,0.347,
0.625,0.328,0.297,nan,nan,0.188,nan,0.188,0.344,nan,
nan,0.341,nan,nan,nan,0.312,nan,0.425,0.331,nan,
0.281,0.309,0.406,nan,nan,0.250,0.361,0.281,0.332,0.333,
0.350,0.287,0.250,0.500,0.312,0.304,0.336,0.286,0.320,0.312,
0.500,0.312,0.271,0.312,nan,0.277,0.303,0.271,0.299,0.268,
0.329,nan,0.312,0.250,0.336,0.307,0.346,0.340,0.321,0.331,
0.500,0.562,0.369,0.339,0.305,0.332,0.357,0.322,0.453,0.365,
0.391,0.382,0.396,0.349,0.375,0.306,0.319,0.343,0.324,0.324,
