0.350,0.188,0.344,0.350,0.362,0.391,0.326,0.388,0.375,0.304,
0.301,0.304,0.330,0.301,0.351,0.341,0.274,0.438,0.361,0.342,
0.352,0.295,0.344,0.219,0.337,0.375,0.275,0.375,0.375,0.333,
0.365,0.316,0.375,0.333,nan,nan,nan,0.295,nan,0.344,
0.359,0.344,0.335,0.344,nan,0.469,0.297,0.273,0.402,0.344,
0.329,0.375,0.356,0.333,0.250,0.299,0.125,0.330,0.301,0.277,
0.259,0.286,0.344,0.156,nan,0.125,0.325,0.275,0.362,0.391,
0.406,0.339,0.383,nan,nan,0.344,0.325,0.352,0.365,0.422,
0.438,nan,nan,nan,nan,0.500,0.406,0.335,0.271,nan,
0.406,0.250,0.250,nan,nan,nan,0.354,0.410,0.312,0.250,
