0.266,0.302,nan,nan,nan,nan,0.219,0.312,0.417,0.308,
0.438,0.350,0.312,0.354,0.250,0.188,0.417,0.288,0.378,0.250,
0.284,0.350,0.321,0.333,nan,nan,0.375,0.307,0.219,0.375,
0.234,0.345,0.316,0.339,0.307,0.125,0.275,0.344,nan,nan,
0.229,0.188,0.333,0.344,0.331,0.344,0.295,0.321,0.297,0.375,
0.349,0.319,0.328,nan,0.310,0.354,0.422,0.390,0.303,0.344,
0.358,0.331,0.234,0.339,0.312,nan,nan,0.378,0.350,0.479,
0.344,0.264,0.281,nan,0.188,0.278,0.367,0.286,0.312,0.425,
0.333,0.316,0.250,0.375,0.281,0.370,0.346,0.337,0.281,0.317,
0.438,0.368,0.284,0.297,0.266,0.368,0.328,0.344,0.438,0.406,
