0.304,0.302,0.375,0.438,nan,nan,0.312,0.375,nan,0.295,
0.271,0.391,nan,0.375,0.323,0.365,nan,0.361,0.341,0.273,
0.365,0.339,0.385,0.271,0.250,0.281,0.438,0.406,nan,0.375,
0.188,0.343,0.309,0.362,0.296,0.338,0.302,nan,nan,nan,
0.359,0.359,0.371,nan,0.333,0.281,0.368,0.369,0.281,0.375,
0.309,0.292,0.361,0.250,0.392,0.391,0.359,0.384,0.356,0.344,
0.312,0.312,0.266,0.365,0.312,0.312,0.312,0.321,0.188,0.308,
0.357,0.348,nan,0.250,nan,0.312,0.250,0.330,0.307,0.388,
0.346,0.326,0.340,nan,0.312,0.358,0.336,0.362,0.281,0.266,
0.400,0.342,0.401,0.417,0.406,0.330,0.370,0.333,0.312,nan,
