136.846,0.000,nan,154.125,0.000,122.571,121.846,80.100,176.500,0.000,
125.500,133.552,121.235,38.250,76.714,nan,166.000,66.857,201.529,0.000,
159.659,150.840,113.118,32.250,nan,0.000,201.000,111.000,250.000,129.750,
124.125,100.875,138.857,111.000,72.000,0.000,144.000,186.900,48.000,60.000,
132.273,141.636,90.828,55.500,130.500,176.806,169.667,8.000,74.250,0.000,
120.882,110.833,99.000,0.000,213.600,179.700,190.500,64.500,191.100,105.000,
141.000,229.000,17.250,145.571,194.357,102.000,142.500,0.000,nan,nan,
156.000,0.000,107.400,140.733,135.600,120.000,114.000,152.308,193.000,267.000,
84.667,68.455,0.000,39.600,110.500,31.000,138.375,52.615,149.333,106.200,
nan,nan,0.000,nan,0.000,0.000,170.000,129.188,130.500,0.000,
