0.312,0.319,0.312,0.330,0.339,0.340,0.316,0.308,0.283,nan,
0.417,0.337,0.275,0.359,0.370,0.330,0.308,0.314,0.306,0.250,
0.354,0.335,0.336,0.286,0.250,nan,0.375,0.357,0.312,0.412,
0.438,0.344,0.332,0.375,nan,nan,0.312,0.406,0.396,0.406,
0.562,0.295,0.417,0.500,0.268,0.318,0.286,0.062,0.348,0.304,
0.359,nan,0.354,0.375,0.375,0.500,0.438,0.438,0.341,0.325,
0.344,nan,0.368,0.188,nan,0.292,0.390,0.333,0.500,0.388,
0.364,0.250,0.339,0.375,0.125,nan,0.307,0.336,0.438,0.312,
0.438,0.438,0.330,0.306,0.277,0.388,0.347,0.275,0.362,nan,
nan,0.312,0.244,0.324,0.348,0.345,0.312,0.250,0.438,nan,
