0.352,0.354,0.354,0.375,0.312,0.448,0.344,0.312,0.321,0.338,
0.293,0.276,0.333,0.438,nan,0.312,0.375,0.406,0.285,0.281,
0.293,0.333,0.325,0.300,nan,nan,0.324,0.375,nan,0.375,
0.332,0.330,0.332,0.375,0.271,0.333,0.229,0.302,0.375,0.375,
0.340,0.354,0.412,nan,0.333,0.297,0.377,0.312,0.188,0.312,
0.344,0.343,0.188,0.344,0.285,0.316,0.360,0.225,0.312,0.406,
0.375,0.357,0.287,0.356,0.332,0.356,0.350,0.250,0.321,0.469,
0.250,0.292,0.333,0.359,0.300,0.312,0.375,0.361,0.324,0.500,
0.263,nan,nan,0.375,0.325,0.250,0.328,0.312,0.290,0.344,
nan,nan,nan,0.312,nan,0.281,0.381,0.312,0.295,nan,
