0.419,0.296,0.299,0.326,0.306,0.334,0.329,0.339,0.371,0.306,
0.411,0.368,nan,0.387,0.355,0.339,0.346,0.352,0.339,0.323,
0.333,0.349,0.548,nan,nan,0.306,0.339,0.258,0.345,0.359,
0.484,0.355,0.516,nan,nan,0.323,0.290,0.452,0.340,nan,
nan,0.282,nan,nan,0.387,0.377,0.340,0.323,0.335,0.344,
0.161,0.325,0.516,0.374,0.387,0.308,0.320,0.359,0.306,0.323,
nan,0.452,nan,nan,0.323,0.341,0.300,0.370,0.269,0.315,
0.355,nan,nan,nan,0.323,0.355,0.331,0.287,0.315,0.357,
0.313,nan,nan,0.306,0.355,0.324,0.311,0.323,0.333,0.313,
0.258,0.315,0.347,0.336,0.348,0.363,0.320,0.350,0.380,0.290,
