0.277,0.309,0.305,0.277,0.323,0.242,nan,nan,nan,nan,
0.333,0.323,0.355,nan,0.355,nan,nan,nan,nan,nan,
nan,0.323,0.313,0.339,0.306,nan,0.355,0.348,nan,nan,
0.419,0.323,0.336,0.318,0.328,0.298,0.350,0.371,0.387,nan,
0.323,0.332,0.333,0.304,0.353,0.334,0.326,0.355,0.312,0.339,
0.129,0.333,0.303,0.398,0.387,0.376,0.323,0.317,0.306,0.290,
nan,0.284,0.323,0.323,0.319,0.301,0.320,0.324,0.360,nan,
nan,nan,nan,nan,0.330,0.330,0.313,0.295,0.316,nan,
nan,nan,0.274,0.352,0.366,0.337,0.309,0.344,0.343,nan,
0.387,0.355,0.313,0.319,0.339,nan,0.323,0.355,nan,nan,
