0.289,0.358,0.323,0.375,nan,0.375,0.188,0.352,0.375,0.351,
0.305,0.411,0.417,0.438,0.333,0.318,0.250,0.382,0.324,0.317,
0.362,0.312,0.368,0.344,nan,nan,0.333,0.300,0.500,nan,
nan,0.336,0.311,0.295,0.370,0.380,0.420,0.375,0.375,nan,
0.219,0.312,0.347,0.312,0.125,0.325,0.344,0.324,0.306,0.375,
0.264,0.289,0.500,nan,0.438,0.310,0.312,0.309,0.319,0.281,
0.305,0.375,0.312,0.299,0.188,0.301,0.438,0.341,0.281,0.359,
0.339,0.318,0.344,nan,nan,0.188,0.276,0.338,0.325,0.340,
0.327,0.331,0.350,nan,nan,0.307,0.328,0.339,0.312,0.438,
0.333,0.331,0.326,0.344,nan,0.322,0.350,0.394,nan,nan,
