nan,0.271,0.352,0.479,0.357,0.562,0.385,0.354,0.302,0.375,
0.312,0.373,0.312,0.352,0.312,nan,0.250,0.323,nan,0.438,
0.370,0.323,0.323,0.320,0.250,nan,0.347,0.346,0.323,0.333,
0.302,0.350,0.299,0.312,0.344,0.375,0.365,0.317,0.340,0.312,
0.372,0.328,0.271,nan,0.375,0.292,0.330,0.312,0.359,0.331,
0.326,0.274,0.344,0.375,0.312,0.353,0.396,0.438,0.363,0.333,
nan,nan,nan,0.396,0.317,0.340,0.289,0.333,0.368,0.312,
0.625,nan,0.500,0.289,0.310,0.271,0.344,0.324,0.324,0.250,
0.336,0.250,0.347,nan,0.402,0.312,0.297,0.371,0.300,0.312,
0.344,0.381,0.306,0.281,0.625,0.417,0.240,0.316,0.319,nan,
