162.750,77.000,nan,nan,nan,nan,111.000,61.364,88.000,137.571,
0.000,58.200,0.000,127.000,0.000,117.000,178.000,100.846,156.316,161.000,
66.692,123.706,180.261,118.333,nan,nan,33.000,35.455,27.000,0.000,
42.000,203.333,115.969,182.684,153.818,0.000,62.400,42.000,nan,nan,
140.000,0.000,36.000,120.000,159.300,111.000,116.143,178.286,63.750,176.500,
139.588,104.000,155.250,nan,87.783,163.333,88.500,97.286,104.077,195.000,
129.000,124.500,162.750,213.429,51.000,nan,nan,89.211,157.200,118.000,
96.667,85.154,297.000,nan,0.000,103.909,73.125,149.368,114.391,96.000,
153.250,147.265,90.750,0.000,48.000,118.297,89.188,124.014,132.375,166.000,
153.000,168.333,100.636,103.875,36.000,143.000,130.607,90.750,0.000,225.000,
