0.324,0.362,0.250,0.500,0.375,0.328,0.250,0.188,0.354,0.287,
0.404,0.255,0.250,0.391,0.292,0.188,0.333,0.302,0.281,0.396,
0.344,0.342,0.287,0.355,nan,nan,0.344,0.344,nan,0.438,
0.350,0.275,0.315,0.349,nan,0.362,0.324,0.355,0.271,0.375,
0.292,0.516,0.288,0.350,0.375,0.342,0.357,0.325,0.347,nan,
0.359,0.386,0.304,0.188,nan,0.326,0.322,0.335,0.321,0.438,
0.375,0.365,0.375,nan,nan,0.402,0.250,0.312,0.336,0.315,
0.359,0.371,0.333,0.375,0.312,0.234,0.330,0.319,0.361,0.307,
0.352,0.308,0.500,nan,0.250,0.317,0.324,0.340,0.375,0.375,
0.337,0.328,0.330,0.250,nan,0.256,0.315,nan,nan,0.292,
