nan,0.361,0.332,0.333,0.305,0.250,0.260,0.333,0.250,0.250,
0.219,0.348,0.299,0.312,0.219,nan,0.312,0.271,nan,0.438,
0.322,0.345,0.349,0.299,0.438,nan,0.386,0.318,0.375,0.375,
0.302,0.366,0.349,0.281,0.344,0.312,0.365,0.325,0.292,0.328,
0.365,0.348,0.438,nan,0.375,0.365,0.324,0.338,0.359,0.315,
0.308,0.332,0.312,0.438,0.500,0.322,0.292,0.212,0.336,0.396,
nan,nan,nan,0.292,0.344,0.340,0.328,0.326,0.271,0.250,
0.500,nan,0.500,0.320,0.291,0.375,0.303,0.354,0.316,0.312,
0.430,0.312,0.347,nan,0.277,0.375,0.266,0.377,0.319,0.286,
0.312,0.287,0.319,0.312,0.250,0.292,0.292,0.365,0.382,nan,
