0.339,0.312,0.354,nan,nan,nan,nan,0.250,0.438,0.327,
0.438,0.375,0.312,0.188,0.250,0.344,0.354,0.362,0.327,0.347,
0.366,0.326,0.335,0.319,nan,0.312,0.500,0.312,0.417,0.250,
0.365,0.331,0.342,0.310,0.340,nan,nan,nan,nan,0.375,
0.336,0.366,0.375,0.325,0.356,0.240,0.375,0.330,0.312,0.307,
0.375,0.381,0.352,0.312,0.306,0.327,0.359,0.312,0.344,0.299,
0.322,0.336,0.286,0.348,0.312,0.500,nan,0.362,0.323,0.250,
0.321,0.352,0.344,0.375,0.319,0.304,0.350,0.358,0.342,0.234,
0.310,0.284,0.312,0.250,nan,0.331,0.348,0.321,0.375,0.339,
0.347,0.350,0.319,0.300,nan,0.359,0.321,0.312,0.281,0.208,
