0.125,0.365,0.386,0.290,0.375,0.348,0.340,0.327,0.297,0.306,
0.375,0.300,nan,0.375,0.250,0.427,0.308,0.293,0.280,0.352,
0.302,0.345,0.125,nan,nan,0.344,0.337,0.594,0.381,0.295,
0.125,0.250,0.250,nan,nan,0.250,0.357,0.250,0.388,nan,
nan,0.344,nan,nan,0.366,0.294,0.312,0.422,0.321,0.354,
0.375,0.342,0.438,0.263,0.289,0.324,0.349,0.339,0.292,0.350,
nan,0.250,nan,nan,0.281,0.295,0.350,0.303,0.354,0.391,
0.375,nan,nan,nan,0.250,0.318,0.303,0.347,0.266,0.332,
0.304,nan,nan,0.328,0.312,0.324,0.337,0.345,0.300,0.375,
0.312,0.391,0.322,0.312,0.375,0.281,0.345,0.281,0.319,0.312,
