0.351,0.344,0.412,nan,nan,nan,0.438,nan,0.375,0.340,
0.385,0.375,0.312,nan,nan,nan,nan,0.375,0.345,0.366,
0.312,0.316,0.333,0.369,nan,nan,nan,0.438,0.292,0.469,
0.403,0.391,0.364,0.308,0.275,nan,nan,nan,nan,0.306,
0.312,0.339,0.299,0.312,0.500,0.333,0.406,0.125,nan,0.359,
0.250,0.318,0.352,0.375,0.270,0.357,0.375,0.312,0.347,0.293,
0.385,0.361,0.354,nan,nan,0.250,nan,0.356,0.375,0.271,
0.287,0.323,0.286,nan,0.295,0.312,0.427,0.295,0.329,0.281,
0.312,0.342,0.302,0.318,0.250,0.375,0.389,0.345,0.375,0.341,
0.375,0.293,nan,nan,nan,0.382,0.339,0.321,0.312,0.266,
