0.312,0.302,0.284,0.324,0.312,0.308,0.334,0.355,0.359,0.287,
0.469,0.388,nan,0.375,0.375,0.406,0.341,0.322,0.324,0.359,
0.323,0.381,0.500,nan,nan,0.438,0.312,0.281,0.362,0.357,
0.500,0.400,0.500,nan,nan,0.312,0.277,0.375,0.375,nan,
nan,0.250,nan,nan,0.357,0.325,0.349,0.406,0.332,0.344,
0.188,0.346,0.625,0.350,0.352,0.278,0.334,0.393,0.323,0.300,
nan,0.375,nan,nan,0.328,0.366,0.287,0.341,0.250,0.359,
0.562,nan,nan,nan,0.250,0.362,0.309,0.285,0.328,0.359,
0.330,nan,nan,0.289,0.438,0.327,0.307,0.340,0.315,0.339,
0.312,0.320,0.331,0.310,0.412,0.344,0.315,0.321,0.389,0.312,
