nan,0.333,0.308,0.281,0.347,0.438,0.375,0.344,0.340,0.438,
0.396,0.338,0.312,0.362,0.375,nan,nan,0.250,nan,nan,
0.326,0.354,0.330,0.335,0.375,nan,0.438,0.274,0.344,0.312,
0.406,0.326,0.385,0.312,0.271,0.625,0.323,0.331,0.438,0.375,
0.347,0.355,0.359,0.321,0.368,0.208,0.299,0.355,0.312,0.273,
0.369,0.365,0.438,0.344,0.307,0.333,0.297,0.250,0.312,0.333,
0.469,nan,0.188,0.250,0.352,0.359,0.333,0.378,0.340,0.250,
nan,nan,nan,0.344,0.384,0.312,0.325,0.332,0.349,0.312,
0.275,nan,0.302,nan,0.367,0.326,0.326,0.344,0.382,0.333,
0.312,0.350,0.347,0.500,0.292,0.375,0.331,0.335,0.267,0.250,
