0.325,0.297,0.361,0.438,0.396,0.375,0.219,nan,0.375,0.309,
0.320,0.343,0.332,0.281,0.298,0.385,0.318,0.312,nan,0.312,
0.188,0.297,0.335,0.295,0.365,0.438,0.396,0.396,nan,0.562,
0.319,0.323,0.328,0.337,0.396,0.354,0.361,0.340,0.375,0.344,
0.344,0.500,0.375,0.266,0.278,0.352,0.325,0.344,0.336,0.347,
0.354,0.268,0.406,0.375,0.375,0.188,0.333,0.307,0.292,0.359,
0.362,0.356,0.375,nan,nan,0.375,0.312,0.371,0.339,0.375,
0.281,0.371,0.312,nan,nan,0.375,0.370,0.395,0.375,0.344,
0.521,0.406,nan,nan,nan,nan,0.332,nan,nan,0.312,
0.299,0.289,0.375,nan,0.438,0.292,0.339,0.275,nan,0.325,
