0.327,0.412,0.344,nan,0.438,nan,0.188,0.406,0.312,0.383,
0.312,0.312,0.375,0.388,0.328,0.375,0.062,0.375,0.333,0.368,
0.349,0.312,0.338,0.240,0.312,0.188,0.297,0.281,nan,0.188,
0.366,0.292,0.324,0.362,0.406,0.344,0.334,0.329,0.391,nan,
nan,0.300,0.309,nan,0.500,0.225,0.292,0.352,0.344,0.375,
0.338,0.362,0.333,nan,0.375,0.344,0.330,0.345,0.375,0.438,
0.338,0.325,0.338,nan,nan,0.348,0.333,0.319,0.312,0.301,
0.317,0.277,0.341,0.562,0.338,0.339,0.365,0.350,0.366,0.292,
0.290,0.351,0.396,nan,0.312,0.315,0.297,0.352,0.438,0.375,
0.330,0.312,0.250,0.250,0.375,0.336,0.341,0.375,0.375,0.348,
