0.340,0.325,0.312,0.361,0.307,0.262,0.344,0.290,0.312,0.354,
0.338,0.371,0.275,nan,0.352,0.241,0.469,0.417,0.352,0.322,
0.341,0.307,0.340,0.203,0.375,nan,nan,0.330,0.278,0.414,
0.316,0.365,0.350,nan,nan,0.250,0.287,0.398,0.333,0.312,
0.438,0.380,0.321,0.562,0.263,0.277,0.237,0.304,0.354,0.344,
0.344,0.295,0.308,nan,0.333,0.321,0.339,0.325,0.337,0.330,
0.438,0.347,0.347,0.219,nan,0.188,0.333,0.375,0.410,nan,
0.312,0.330,0.297,nan,nan,nan,0.361,0.352,0.375,nan,
nan,nan,nan,nan,nan,nan,0.391,0.328,0.339,0.388,
0.188,0.333,nan,0.281,0.438,0.375,nan,0.307,0.369,0.333,
