0.000,44.000,78.600,95.400,0.000,147.231,122.638,180.000,200.000,96.000,
91.588,6.000,0.000,221.143,nan,0.000,179.250,100.000,0.000,110.250,
112.000,111.750,57.000,75.000,nan,nan,0.000,nan,20.143,0.000,
nan,81.333,nan,nan,nan,nan,0.000,114.273,164.500,0.000,
0.000,198.250,156.000,nan,nan,164.000,0.000,134.000,144.000,87.667,
0.000,136.200,0.000,77.800,0.000,104.040,158.447,143.400,176.143,96.000,
110.000,60.000,200.571,nan,nan,170.000,104.786,118.286,78.000,122.769,
137.500,69.000,93.529,84.500,137.200,135.632,110.344,74.727,0.000,208.667,
90.429,42.000,116.000,120.000,107.571,71.538,128.071,114.500,0.000,92.647,
108.667,92.333,186.750,147.429,0.000,116.333,156.486,136.100,104.538,108.000,
