0.312,0.521,0.438,nan,nan,nan,0.562,0.344,0.338,0.336,
0.323,0.438,nan,nan,nan,nan,nan,0.333,0.300,0.347,
0.293,0.289,0.312,0.290,0.458,nan,nan,0.344,0.300,0.312,
0.304,0.347,0.354,0.325,0.375,nan,nan,nan,nan,0.328,
0.339,0.344,0.354,0.318,0.396,0.304,nan,nan,0.312,0.323,
0.338,0.267,0.394,0.281,0.348,0.334,0.378,0.250,0.625,0.350,
0.366,0.300,0.357,0.299,0.250,0.328,nan,nan,0.330,0.312,
0.342,0.361,nan,0.438,0.344,0.345,0.394,0.317,0.323,0.340,
0.306,0.329,0.350,0.331,0.250,0.317,0.343,0.349,0.340,0.343,
0.231,0.293,0.281,nan,nan,0.438,0.362,0.344,0.325,0.312,
