nan,0.335,0.339,0.331,0.355,0.305,0.358,0.361,0.340,0.355,
0.323,0.355,0.516,0.290,nan,nan,nan,nan,0.332,0.339,
0.323,0.334,0.274,nan,nan,nan,nan,nan,0.274,0.387,
0.419,nan,nan,nan,nan,nan,nan,0.387,0.355,nan,
0.376,0.309,0.387,nan,0.323,nan,0.366,0.368,0.335,0.323,
0.313,0.304,0.290,0.226,0.315,0.323,0.315,0.342,0.368,0.311,
0.298,0.329,0.320,0.258,0.332,0.323,0.300,0.357,0.332,0.344,
0.327,0.336,0.331,0.314,0.341,0.335,0.348,0.349,0.363,0.303,
0.368,0.369,0.333,0.370,0.358,0.370,0.326,0.339,0.366,0.337,
0.300,0.336,0.323,0.360,0.161,0.332,0.325,0.336,0.328,0.355,
