nan,0.406,0.366,0.337,0.370,0.290,0.266,nan,nan,0.306,
0.469,0.438,0.310,0.271,0.334,0.396,0.281,0.375,nan,0.188,
nan,nan,nan,nan,0.285,0.339,nan,0.341,0.375,nan,
0.188,nan,nan,0.344,0.344,0.359,0.346,0.295,0.367,0.359,
nan,nan,nan,0.312,nan,0.289,0.367,0.349,0.328,0.329,
0.335,0.292,0.250,0.312,nan,0.339,0.327,0.362,0.312,nan,
0.344,nan,0.357,0.387,0.312,0.263,0.406,0.250,0.312,0.312,
nan,0.344,0.327,0.356,0.396,0.383,0.438,0.362,0.302,nan,
0.594,0.419,0.321,0.341,0.299,nan,0.342,0.327,0.350,nan,
nan,0.500,0.326,0.338,0.353,0.260,0.396,0.281,0.385,0.339,
