nan,nan,0.357,0.350,0.330,0.352,0.203,0.344,nan,0.250,
nan,nan,0.250,0.358,0.331,0.355,0.375,0.312,0.417,nan,
nan,nan,0.125,0.266,0.358,0.344,0.333,0.438,nan,nan,
0.375,nan,nan,nan,0.326,0.375,0.301,0.362,0.263,0.292,
0.336,0.358,nan,0.342,0.281,nan,0.316,0.348,0.343,0.324,
0.333,0.312,nan,0.273,nan,0.333,0.321,0.356,0.341,0.268,
0.298,0.250,0.438,0.321,0.406,0.359,0.241,0.316,0.339,0.333,
0.422,0.396,0.362,0.281,0.324,0.351,0.368,0.339,0.312,0.346,
0.295,0.219,0.379,0.312,0.333,0.312,0.345,0.344,0.188,0.500,
nan,nan,0.292,0.320,0.345,0.350,nan,0.356,0.375,0.303,
