141.000,129.353,193.500,nan,304.000,0.000,nan,0.000,83.250,119.036,
178.800,124.714,nan,113.500,129.545,0.000,nan,265.286,153.960,120.656,
nan,220.091,nan,113.250,129.750,122.100,204.000,69.353,148.846,159.300,
0.000,132.938,91.000,0.000,0.000,119.250,48.750,0.000,89.850,67.000,
0.000,0.000,nan,nan,164.167,187.235,141.900,132.667,94.800,130.636,
145.286,78.667,nan,207.000,176.727,176.000,nan,146.455,118.875,85.125,
nan,3.000,0.000,nan,0.000,208.412,24.000,151.500,8.000,147.375,
134.455,124.200,79.862,nan,158.000,121.588,nan,nan,125.667,42.750,
125.769,41.000,32.250,nan,nan,198.000,nan,78.882,142.468,130.250,
127.355,95.400,72.600,0.000,0.000,nan,nan,135.000,154.636,140.864,
