nan,0.312,0.287,0.239,0.352,0.312,0.438,0.354,0.312,0.375,
nan,nan,nan,0.366,0.344,0.367,0.438,nan,0.362,nan,
nan,nan,nan,nan,0.332,0.281,0.338,0.188,nan,nan,
nan,0.250,nan,0.188,0.263,0.271,0.355,0.338,0.362,0.359,
0.354,0.375,0.438,0.362,0.396,0.234,0.337,0.345,0.321,0.312,
0.156,0.312,nan,0.350,nan,0.388,0.356,0.349,0.344,0.295,
0.353,0.375,0.250,0.359,nan,0.429,0.375,0.308,0.317,0.321,
0.347,0.320,0.319,0.269,0.366,0.337,0.320,0.341,0.305,0.250,
nan,0.326,0.323,0.307,0.365,0.312,0.315,0.315,0.344,nan,
0.500,nan,0.300,0.333,0.311,0.333,0.333,0.347,0.312,0.355,
