nan,0.188,0.286,0.345,0.286,0.339,0.406,nan,nan,0.306,
0.219,0.281,0.356,0.375,0.353,0.229,0.427,0.312,nan,0.562,
nan,nan,nan,nan,0.333,0.366,nan,0.358,0.292,nan,
0.344,nan,nan,0.344,0.302,0.344,0.312,0.351,0.321,0.375,
nan,nan,nan,0.354,nan,0.320,0.338,0.332,0.328,0.350,
0.330,0.354,0.438,0.338,nan,0.359,0.344,0.287,0.354,nan,
0.219,nan,0.286,0.375,0.384,0.362,0.289,0.263,0.328,0.312,
nan,0.297,0.369,0.317,0.333,0.258,0.271,0.334,0.337,nan,
0.219,0.284,0.326,0.278,0.361,nan,0.325,0.339,0.362,nan,
nan,0.188,0.319,0.305,0.368,0.396,0.292,0.297,0.333,0.330,
