0.370,0.312,0.438,nan,0.420,0.324,0.340,0.387,0.391,0.304,
0.250,0.229,nan,nan,0.250,0.438,0.312,0.306,0.355,0.438,
nan,nan,nan,nan,0.271,0.312,nan,0.325,0.341,0.328,
0.354,0.438,0.219,0.250,0.271,0.295,0.354,0.316,0.362,nan,
0.250,nan,nan,nan,0.312,0.316,0.375,0.330,0.323,nan,
0.339,0.281,nan,0.289,0.318,0.287,0.312,0.338,0.359,0.312,
0.312,0.351,0.338,0.312,0.332,0.339,nan,0.333,0.330,0.322,
0.338,0.357,0.438,0.362,0.272,0.312,0.333,0.324,0.366,0.360,
0.339,nan,nan,nan,0.375,0.219,0.375,0.323,0.335,0.324,
0.350,0.375,0.344,0.340,0.359,0.316,0.422,0.351,0.318,0.356,
