nan,66.000,117.231,109.857,74.739,153.000,78.000,nan,nan,145.800,
nan,232.000,139.200,120.692,113.053,92.727,96.375,nan,nan,nan,
nan,nan,nan,nan,159.500,133.500,102.136,117.600,nan,nan,
159.000,nan,nan,0.000,152.250,28.800,131.700,136.579,150.833,137.357,
nan,nan,nan,165.600,0.000,65.727,158.226,171.357,63.130,124.333,
139.200,89.250,0.000,134.250,42.000,212.200,162.964,173.286,128.160,158.250,
84.857,0.000,198.857,165.857,0.000,168.600,39.750,130.286,109.333,0.000,
nan,98.400,135.783,122.357,200.455,122.571,47.812,93.300,205.875,nan,
0.000,207.500,163.875,99.000,145.200,105.857,105.706,112.950,4.800,nan,
0.000,201.000,125.143,137.571,90.618,131.333,172.875,55.105,136.000,100.875,
