0.315,0.452,0.355,nan,0.339,0.327,0.328,nan,nan,0.371,
nan,nan,nan,nan,0.333,0.323,0.312,0.310,0.357,nan,
nan,nan,0.419,nan,0.323,nan,nan,0.338,0.328,0.323,
nan,0.327,0.353,0.398,0.306,0.452,0.323,0.266,0.310,0.290,
nan,0.194,0.315,0.290,0.295,0.333,0.328,0.329,0.336,nan,
0.315,0.391,0.332,0.344,0.342,0.372,0.361,0.334,0.370,0.258,
0.308,0.369,0.387,0.384,0.355,0.341,0.312,0.356,0.320,0.374,
0.309,0.297,0.406,0.315,0.355,0.419,nan,0.321,0.300,0.370,
0.318,0.360,0.355,0.355,0.332,0.339,0.369,0.332,0.319,0.345,
0.338,0.305,0.346,0.344,0.387,0.301,0.280,0.374,0.329,0.337,
