0.336,0.258,0.351,0.323,0.372,0.345,0.327,0.258,0.290,0.226,
0.403,0.313,0.348,0.359,0.334,0.340,0.293,0.392,0.258,0.419,
0.314,0.330,0.349,0.226,0.247,0.306,0.387,0.194,0.323,0.355,
0.327,0.331,0.366,nan,nan,0.355,nan,0.333,0.280,0.194,
0.355,0.318,0.338,0.315,0.347,0.350,0.314,0.339,0.320,nan,
0.348,nan,0.323,nan,nan,0.339,0.380,0.258,0.274,0.379,
0.301,0.323,nan,0.290,0.348,nan,0.327,0.336,0.329,0.310,
0.419,nan,nan,0.339,0.362,0.325,0.330,0.337,0.331,0.330,
nan,nan,0.339,0.366,0.333,0.366,0.320,0.318,0.305,nan,
nan,nan,0.274,0.329,0.336,0.300,0.298,0.409,0.306,nan,
