0.323,0.306,0.366,0.327,0.319,0.306,0.329,nan,0.310,0.403,
nan,0.403,0.387,0.325,0.339,0.323,nan,0.312,nan,nan,
0.409,nan,nan,nan,0.323,0.355,0.323,0.341,0.290,0.258,
0.348,0.335,0.452,nan,0.306,0.328,0.328,0.318,0.323,0.344,
0.323,nan,0.306,nan,0.328,0.347,0.337,0.346,0.301,0.369,
nan,0.312,0.337,0.419,0.318,0.318,0.347,0.349,0.290,nan,
0.355,0.357,0.325,0.315,0.315,0.417,0.351,0.325,0.285,0.258,
0.344,0.363,0.347,0.303,0.338,0.355,0.373,0.368,0.364,0.352,
0.387,0.336,0.358,0.344,0.335,0.290,0.306,0.323,nan,0.290,
0.290,0.284,0.341,0.339,0.326,0.323,nan,nan,0.326,0.265,
