0.375,nan,0.362,0.347,0.359,0.375,0.333,0.271,0.312,nan,
0.312,nan,0.312,0.338,0.375,0.308,0.330,0.358,0.438,0.375,
0.125,nan,0.271,0.381,0.377,0.375,nan,nan,0.344,nan,
0.302,0.292,nan,0.294,0.359,0.287,0.344,0.333,0.299,0.438,
0.406,0.321,0.354,0.438,0.341,0.219,0.298,0.334,0.327,0.333,
0.219,0.312,0.312,0.326,0.348,0.333,0.303,0.318,0.342,0.342,
0.469,0.438,0.338,0.326,0.366,0.562,0.318,0.331,0.346,0.311,
0.312,nan,0.375,0.562,0.250,0.344,0.355,0.359,0.312,0.312,
nan,nan,0.358,0.354,0.344,0.307,0.281,0.316,0.278,0.469,
nan,0.312,0.302,0.321,0.260,0.344,nan,0.277,0.298,0.281,
