0.500,nan,nan,0.319,0.388,0.349,0.391,nan,nan,nan,
0.339,0.196,0.375,0.312,0.338,0.367,0.333,0.500,0.125,0.406,
0.305,0.349,0.321,0.310,0.337,0.312,0.312,nan,0.406,0.323,
0.307,0.285,0.328,0.438,0.350,0.312,nan,0.500,0.321,0.396,
0.316,0.321,0.360,0.302,nan,nan,0.312,0.438,0.361,0.369,
0.417,nan,0.344,nan,nan,nan,0.307,0.358,0.329,0.336,
0.341,0.350,0.422,nan,0.250,nan,0.315,0.318,0.316,0.349,
nan,0.344,0.328,0.237,nan,0.469,0.349,0.331,0.350,0.330,
nan,nan,0.339,nan,nan,0.469,0.438,0.343,0.370,0.500,
nan,nan,0.312,0.375,0.333,0.295,0.292,0.338,0.406,0.438,
