0.295,0.302,nan,nan,0.312,0.391,0.156,nan,0.354,0.375,
0.219,0.312,0.344,0.156,0.348,0.320,0.358,0.250,0.268,0.344,
0.328,0.688,nan,0.469,0.304,0.312,nan,0.359,0.331,0.358,
0.320,nan,nan,0.292,0.319,0.292,0.500,0.344,0.341,0.330,
0.297,nan,nan,0.375,0.326,0.315,0.366,0.356,0.328,0.318,
0.250,nan,0.375,0.333,0.317,0.354,0.293,0.312,0.352,0.318,
0.281,0.286,0.312,0.375,0.301,0.369,0.322,0.281,0.406,0.338,
0.412,0.319,0.281,0.330,0.375,0.425,0.344,0.305,0.328,0.347,
0.354,0.312,nan,0.287,0.427,0.312,0.349,0.319,0.307,0.345,
0.375,0.417,nan,nan,0.349,0.375,0.391,0.328,0.306,0.336,
