0.266,nan,0.375,0.375,0.331,0.353,0.312,0.310,0.344,0.347,
0.438,nan,nan,0.375,0.323,0.344,0.250,0.352,0.288,nan,
0.250,nan,nan,nan,nan,nan,nan,0.312,0.332,0.362,
0.292,0.271,0.406,nan,0.347,0.312,0.500,0.301,0.353,0.250,
nan,nan,nan,0.188,0.339,0.323,0.403,0.256,0.328,nan,
0.362,0.427,0.344,0.375,0.333,0.229,0.286,0.267,0.384,0.292,
0.348,0.375,0.344,0.263,0.355,0.323,0.469,0.384,0.359,0.331,
0.351,0.364,0.312,0.354,0.312,0.330,0.362,0.359,0.326,0.315,
0.357,0.375,0.391,0.271,0.357,0.250,nan,0.371,0.379,0.323,
0.328,0.369,0.348,0.325,0.371,0.310,0.269,0.285,0.354,0.312,
