0.281,0.125,0.339,0.312,0.358,0.306,0.341,0.208,0.562,0.281,
0.292,0.385,0.347,0.328,0.315,0.396,0.388,0.344,nan,0.281,
0.375,0.365,0.370,0.329,0.340,0.281,nan,nan,0.188,0.375,
0.325,0.359,0.354,nan,0.333,nan,nan,0.188,0.352,0.375,
0.349,0.362,0.364,0.312,nan,nan,0.333,0.312,0.334,0.367,
0.375,0.375,0.375,0.438,nan,0.312,0.326,0.383,0.357,0.387,
0.336,nan,0.241,0.312,0.469,0.438,0.318,0.332,0.266,0.331,
0.375,0.250,0.344,0.312,0.312,0.325,0.332,0.312,0.332,0.340,
nan,nan,0.369,0.297,nan,0.125,0.375,0.340,0.351,0.312,
nan,0.500,0.188,0.301,nan,0.292,0.357,0.305,0.427,nan,
