0.362,0.271,0.263,0.500,0.325,0.344,0.338,nan,nan,0.258,
nan,nan,nan,nan,0.406,0.312,0.625,0.322,0.357,nan,
nan,0.250,0.188,nan,0.385,nan,nan,0.369,0.364,0.375,
0.438,0.334,0.337,0.312,0.312,0.336,0.479,0.375,0.300,0.375,
nan,0.250,0.271,0.281,0.322,0.333,0.315,0.375,0.281,nan,
0.348,0.349,0.397,0.359,0.312,0.326,0.266,0.281,0.351,nan,
0.304,0.411,0.344,0.362,0.357,0.369,0.375,0.321,0.320,0.340,
0.327,0.219,nan,0.338,0.312,0.354,0.375,0.317,0.309,0.332,
0.335,nan,0.375,0.297,0.500,0.281,0.562,0.438,0.345,0.317,
0.347,0.352,0.363,0.402,0.219,0.292,0.438,0.344,0.306,0.361,
