0.000,nan,105.000,82.909,118.579,0.000,171.000,159.000,0.000,nan,
36.000,nan,155.357,70.600,227.400,129.000,168.545,192.545,131.250,161.400,
0.000,nan,34.000,125.400,144.214,95.455,nan,nan,0.000,nan,
71.000,62.000,nan,183.600,148.579,109.800,15.000,334.000,131.143,0.000,
148.000,153.429,148.000,324.000,178.909,111.000,172.000,140.087,122.385,94.333,
0.000,0.000,43.000,62.000,179.351,40.000,75.094,106.091,87.429,146.379,
159.000,0.000,51.000,58.000,88.143,0.000,158.182,119.125,103.235,102.333,
0.000,nan,111.600,0.000,147.000,238.500,107.160,159.600,192.000,74.250,
nan,nan,112.167,84.000,183.000,146.250,58.500,123.273,84.450,186.000,
nan,6.000,116.667,107.143,140.000,27.000,nan,136.714,135.000,231.000,
