0.302,0.500,0.344,nan,0.354,0.321,0.281,nan,nan,0.438,
nan,nan,nan,nan,0.375,0.500,0.312,0.301,0.361,nan,
nan,nan,0.438,nan,0.406,nan,nan,0.345,0.297,0.312,
nan,0.304,0.359,0.417,0.312,0.500,0.375,0.234,0.287,0.375,
nan,0.219,0.297,0.312,0.286,0.323,0.342,0.304,0.330,nan,
0.319,0.398,0.323,0.354,0.340,0.346,0.338,0.330,0.375,0.188,
0.296,0.375,0.417,0.400,0.375,0.304,0.333,0.357,0.338,0.348,
0.306,0.264,0.412,0.302,0.356,0.438,nan,0.312,0.295,0.387,
0.317,0.365,0.375,0.406,0.348,0.354,0.389,0.287,0.357,0.367,
0.355,0.307,0.360,0.365,0.500,0.333,0.285,0.370,0.388,0.351,
