0.281,nan,0.297,0.354,0.304,0.337,0.303,nan,0.250,0.438,
0.312,0.344,0.406,0.343,0.301,0.412,0.377,0.344,0.312,0.330,
0.332,0.398,0.322,0.348,0.333,0.396,nan,nan,0.375,0.229,
0.371,0.312,0.371,0.333,0.375,0.350,nan,nan,0.297,0.348,
0.305,0.353,0.325,0.367,0.312,0.312,nan,0.321,0.349,0.354,
0.330,0.312,0.403,0.375,nan,0.438,0.315,0.458,0.333,0.355,
0.304,nan,0.298,0.312,0.365,0.422,0.335,0.312,0.361,0.329,
0.125,0.438,0.250,nan,0.375,0.344,0.352,0.290,0.304,0.308,
nan,0.312,0.250,0.344,nan,0.292,0.295,0.340,0.329,0.125,
nan,0.375,0.354,0.326,0.312,0.281,0.250,0.333,0.319,nan,
