0.387,0.355,0.313,0.345,0.338,0.350,0.401,0.342,0.303,0.323,
0.274,0.336,0.339,0.369,0.329,0.295,0.324,0.326,0.313,nan,
0.336,0.336,0.337,0.403,0.290,0.306,0.304,0.300,0.336,0.358,
0.366,0.325,0.358,0.355,nan,nan,0.306,nan,0.315,0.323,
nan,0.366,0.337,nan,0.348,0.339,0.315,0.347,0.335,0.328,
0.301,nan,0.325,0.365,0.290,0.323,0.226,nan,0.315,0.308,
0.290,0.403,0.351,nan,nan,0.327,0.326,0.286,0.361,0.330,
0.387,0.387,0.351,0.452,0.323,nan,0.296,0.347,0.373,0.355,
0.645,nan,0.329,0.361,0.335,0.387,0.297,0.348,0.328,0.484,
0.290,nan,0.336,0.338,0.324,0.346,0.274,0.379,0.323,nan,
