0.271,0.320,0.332,0.315,0.351,0.316,0.500,nan,0.312,0.396,
0.344,0.382,0.310,0.290,0.267,0.375,nan,0.312,nan,0.354,
0.375,0.188,0.500,0.188,0.406,0.398,0.281,0.329,0.328,nan,
0.260,0.438,nan,0.250,0.339,0.385,0.306,0.279,0.319,0.392,
0.312,nan,nan,nan,0.125,0.305,0.347,0.350,0.317,0.293,
0.332,0.297,0.250,nan,nan,0.343,0.328,0.378,0.273,0.438,
0.438,nan,0.318,0.305,0.295,0.368,0.381,0.338,0.389,0.312,
nan,0.321,0.325,0.347,0.344,0.277,0.188,0.348,0.341,0.234,
0.312,0.312,0.331,0.349,0.312,nan,0.360,0.300,0.333,nan,
0.500,0.250,0.359,0.325,0.348,0.394,0.388,0.281,0.375,0.365,
