84.000,222.000,127.312,0.000,142.800,0.000,77.143,nan,nan,180.000,
nan,nan,nan,nan,173.118,90.000,0.000,306.000,164.250,nan,
nan,0.000,0.000,57.000,157.500,0.000,0.000,72.000,130.773,nan,
174.000,180.750,116.654,138.000,103.667,40.286,234.000,0.000,134.500,0.000,
nan,235.000,85.200,291.000,140.167,126.419,73.412,116.471,121.588,141.000,
99.000,143.625,123.000,192.000,176.400,94.125,172.500,129.500,108.000,60.000,
134.170,76.000,191.308,114.000,142.333,160.286,42.429,132.000,119.294,147.818,
138.789,158.333,130.000,130.714,147.600,0.000,0.000,114.000,130.350,131.400,
155.100,0.000,0.000,99.000,95.571,22.000,nan,58.000,157.658,130.824,
69.632,115.304,147.538,nan,195.000,0.000,126.000,183.000,196.875,93.600,
