125.727,124.000,208.714,nan,nan,205.800,nan,126.000,131.739,82.500,
nan,nan,281.000,0.000,nan,109.000,184.929,139.241,30.000,138.000,
12.000,nan,nan,nan,nan,75.000,139.800,81.000,221.250,62.000,
nan,nan,nan,nan,169.714,122.633,125.550,120.308,179.812,30.000,
nan,0.000,nan,108.000,97.000,112.000,85.304,123.577,171.900,33.000,
nan,144.000,199.000,137.308,122.710,93.000,113.318,128.727,103.412,138.000,
174.000,0.000,28.500,nan,127.125,nan,0.000,0.000,0.000,165.273,
87.724,94.235,64.667,nan,0.000,219.000,123.200,57.000,36.500,108.857,
104.156,127.667,134.684,156.000,nan,nan,65.000,170.000,97.500,119.000,
63.000,132.900,145.500,84.000,54.000,20.250,31.500,168.923,146.160,101.833,
