0.275,nan,0.346,0.375,0.297,0.297,0.344,0.219,0.375,0.354,
nan,nan,0.312,0.375,0.303,0.250,0.438,0.250,0.312,0.312,
nan,nan,0.375,nan,0.312,0.325,0.266,0.280,0.281,nan,
0.350,0.250,nan,nan,0.344,0.375,0.298,0.361,0.354,0.562,
nan,nan,nan,0.250,0.354,0.332,0.299,0.295,0.312,0.427,
0.375,0.289,0.430,0.354,0.359,0.296,0.339,0.340,0.257,0.375,
0.372,0.250,0.364,0.359,0.303,0.338,0.333,0.382,0.316,0.335,
0.289,0.396,0.303,0.348,0.312,0.375,0.330,0.335,0.356,0.335,
nan,0.344,0.365,0.333,0.336,0.312,0.312,0.375,0.400,0.348,
nan,0.312,0.331,0.335,0.338,0.344,0.438,0.417,0.294,0.326,
