133.000,0.000,nan,nan,48.000,110.667,143.667,259.000,106.286,40.800,
16.000,163.500,0.000,nan,334.000,27.000,nan,156.000,104.000,130.500,
183.000,0.000,nan,0.000,137.000,0.000,0.000,65.679,138.102,118.429,
351.000,192.750,nan,nan,113.000,96.000,nan,180.818,96.150,96.000,
22.500,nan,nan,nan,110.500,166.250,124.895,64.200,80.786,89.000,
186.600,114.000,54.000,90.643,128.077,103.714,105.000,104.333,87.333,78.000,
158.471,155.200,0.000,136.350,130.000,98.400,139.000,97.500,123.938,102.462,
156.387,114.857,nan,133.200,119.125,0.000,0.000,160.800,126.300,146.000,
163.000,0.000,0.000,nan,163.000,0.000,154.500,219.000,192.300,159.500,
156.375,136.385,308.000,178.000,141.643,151.071,0.000,153.353,109.615,179.684,
