nan,nan,0.352,nan,0.198,0.208,0.319,0.312,0.324,nan,
nan,nan,0.219,0.458,0.391,0.286,0.250,nan,0.346,nan,
nan,nan,nan,0.312,0.338,0.297,nan,0.250,nan,nan,
0.258,0.383,nan,0.284,0.327,nan,0.188,0.289,0.351,0.305,
0.344,0.352,nan,0.402,0.371,0.271,0.335,0.290,0.342,0.346,
0.383,nan,nan,0.325,0.354,0.331,0.292,0.284,0.362,0.355,
0.371,0.438,0.250,0.300,0.312,0.332,0.266,0.337,0.344,0.361,
0.375,nan,0.344,0.300,0.438,0.312,0.323,0.312,0.281,0.352,
nan,0.354,0.344,0.266,0.297,nan,0.271,0.302,0.391,0.338,
nan,nan,0.312,0.312,0.438,0.375,0.312,0.348,0.345,0.289,
