0.344,0.312,0.271,nan,nan,0.188,0.344,0.328,0.385,0.312,
nan,0.375,0.353,nan,0.344,0.328,0.335,0.337,0.328,0.305,
nan,nan,0.125,nan,0.500,0.317,0.346,0.371,0.352,nan,
nan,nan,nan,nan,0.379,0.328,0.331,0.346,0.326,0.438,
0.375,nan,nan,0.344,0.312,0.275,0.381,0.334,0.289,0.438,
0.312,0.250,0.319,0.240,0.312,0.344,0.388,0.306,0.350,0.350,
0.312,nan,0.375,0.312,nan,nan,0.281,0.287,0.324,0.357,
0.361,0.351,0.372,nan,0.250,0.325,0.319,0.318,0.325,0.309,
0.299,0.314,0.335,0.453,nan,nan,0.339,0.438,0.417,0.348,
0.297,0.312,0.327,nan,nan,0.406,0.188,0.312,0.362,0.353,
