0.333,0.406,0.359,0.312,0.329,0.335,0.344,0.375,0.156,0.312,
0.315,0.370,0.365,0.324,0.318,nan,0.293,nan,nan,0.281,
0.351,0.312,0.325,0.344,0.351,0.312,nan,nan,0.375,0.302,
0.308,0.309,0.321,nan,0.219,nan,nan,0.188,0.288,0.281,
0.354,0.338,0.339,0.321,nan,nan,nan,0.302,0.312,0.333,
0.250,nan,0.294,0.438,0.438,nan,0.250,0.232,0.324,0.329,
0.351,0.312,0.375,nan,0.335,0.263,0.349,0.375,0.321,0.323,
0.188,0.375,0.365,0.344,0.323,0.383,0.348,0.389,0.333,0.328,
nan,nan,0.398,0.625,0.375,0.438,0.406,0.341,0.341,0.312,
nan,nan,0.302,0.385,0.325,0.219,0.386,0.338,0.297,0.250,
