nan,0.290,0.323,nan,0.376,0.376,0.355,nan,0.286,nan,
nan,nan,0.277,0.326,0.367,0.316,0.371,nan,0.358,nan,
nan,nan,nan,0.327,0.331,0.315,nan,0.306,nan,0.452,
0.339,0.381,0.290,0.314,0.315,0.258,0.439,0.332,0.339,0.359,
0.333,0.310,nan,0.330,0.335,0.313,0.308,0.333,0.311,0.320,
0.346,0.306,nan,0.361,0.344,0.329,0.290,0.355,0.333,0.345,
0.343,nan,nan,0.361,0.302,0.335,0.372,0.316,0.280,0.328,
0.290,nan,0.347,0.387,nan,0.371,0.335,0.338,0.400,0.297,
nan,nan,0.326,0.411,0.435,0.335,0.319,0.323,0.366,0.306,
0.452,nan,nan,0.258,0.355,0.327,nan,0.320,0.323,0.349,
