0.271,0.316,0.344,0.125,0.287,0.360,0.250,0.375,0.338,0.357,
nan,0.375,0.375,nan,nan,0.156,0.324,0.358,0.281,0.336,
nan,nan,nan,nan,0.250,0.397,0.375,0.319,0.293,0.062,
nan,nan,nan,0.250,0.299,0.281,0.339,0.338,0.287,0.188,
nan,nan,0.562,nan,0.380,0.326,0.308,0.388,0.287,0.365,
0.328,0.365,0.302,0.403,0.303,0.340,0.286,0.344,0.375,0.292,
0.361,0.203,0.312,nan,0.384,0.370,0.354,0.375,0.312,0.379,
0.304,0.306,0.412,nan,0.328,0.391,0.349,0.302,0.385,0.318,
0.331,0.354,0.342,0.438,0.188,0.330,0.343,nan,0.307,0.356,
0.299,0.383,0.321,0.297,0.562,0.375,0.375,0.365,0.336,0.323,
