0.188,0.362,0.312,0.500,nan,0.333,0.375,0.375,0.366,0.328,
nan,nan,0.250,nan,nan,0.273,0.319,0.364,0.125,nan,
0.312,0.188,nan,nan,nan,0.188,0.344,0.336,0.312,nan,
nan,nan,nan,nan,0.312,0.348,0.319,0.360,0.354,nan,
nan,nan,0.250,0.312,0.359,0.237,0.300,0.319,0.383,nan,
0.326,0.406,0.338,0.301,0.311,0.352,0.348,0.318,0.356,0.278,
0.312,nan,0.353,0.312,0.345,0.309,0.312,0.375,0.333,0.315,
0.362,0.330,0.361,0.312,0.275,0.321,0.339,0.328,0.295,0.325,
0.354,0.402,0.359,0.388,0.385,0.344,nan,nan,0.380,0.333,
0.323,0.312,0.293,0.350,0.438,nan,nan,0.317,0.347,0.339,
