0.329,0.333,0.351,0.321,0.341,0.452,0.258,nan,0.344,0.194,
0.331,0.323,0.355,0.341,0.323,0.282,0.382,nan,0.306,0.339,
0.323,0.314,0.321,0.306,0.337,0.269,0.258,0.312,nan,0.387,
0.317,0.334,0.323,nan,0.452,0.323,nan,nan,0.333,0.344,
0.355,0.376,0.352,0.286,nan,0.161,0.326,0.316,0.334,0.306,
0.387,0.347,0.332,0.355,nan,nan,0.334,0.342,0.339,0.315,
0.355,nan,0.355,0.419,0.331,0.258,0.327,0.337,0.354,0.342,
0.387,nan,0.290,0.306,0.324,0.379,0.347,0.337,0.309,0.354,
nan,nan,0.303,0.355,0.419,0.323,0.355,0.342,0.313,nan,
0.323,nan,0.355,0.334,0.344,nan,0.346,0.387,0.326,0.355,
