0.156,nan,0.305,0.333,0.304,0.335,0.317,nan,0.312,0.438,
0.328,0.281,0.438,0.306,0.301,0.388,0.346,0.344,0.333,0.353,
0.260,0.359,0.327,0.318,0.339,0.229,nan,nan,0.250,0.354,
0.317,0.325,0.352,0.338,0.344,0.412,nan,nan,0.297,0.289,
0.365,0.295,0.350,0.375,0.250,0.250,nan,0.348,0.337,0.278,
0.304,0.312,0.389,0.219,nan,0.375,0.346,0.333,0.356,0.321,
0.348,nan,0.327,0.500,0.318,0.391,0.392,0.333,0.293,0.338,
0.312,0.275,0.325,nan,0.375,0.365,0.336,0.364,0.349,0.341,
nan,0.250,0.250,0.219,nan,0.354,0.295,0.333,0.310,0.375,
nan,0.344,0.347,0.292,0.250,0.312,0.438,0.188,0.382,nan,
