nan,0.332,0.400,nan,0.325,0.342,0.273,0.125,0.383,0.312,
0.250,0.281,0.312,nan,0.281,0.312,0.319,0.309,0.319,0.406,
nan,nan,nan,nan,0.208,0.346,0.375,0.350,0.327,0.344,
nan,nan,nan,nan,0.365,0.319,0.325,0.366,0.317,0.250,
0.375,nan,nan,0.250,0.250,0.334,0.337,0.285,nan,0.317,
0.368,0.351,0.330,0.330,0.328,0.360,0.188,nan,0.375,0.375,
0.354,0.469,nan,0.219,0.329,0.365,0.361,0.406,0.306,0.307,
0.375,0.359,0.188,0.312,0.292,0.250,0.307,0.346,0.354,0.356,
0.361,0.188,0.284,0.281,0.438,0.312,0.341,0.333,0.301,0.363,
0.245,0.344,0.303,0.312,0.263,0.375,0.417,0.281,0.397,0.302,
