76.800,148.350,144.000,117.000,188.727,nan,nan,86.000,18.000,124.000,
nan,150.000,nan,nan,91.125,129.000,41.250,167.893,80.286,234.000,
nan,nan,0.000,0.000,155.400,133.500,0.000,45.000,153.000,158.000,
189.000,88.200,143.375,18.000,77.500,0.000,154.667,nan,194.647,15.000,
95.571,0.000,19.500,78.400,138.353,125.250,53.100,61.714,182.167,139.304,
37.000,136.043,116.786,64.500,121.406,72.000,11.000,95.250,73.125,96.000,
66.667,151.800,84.000,34.909,252.000,118.667,60.000,152.909,139.667,160.034,
158.786,95.500,105.600,48.000,0.000,303.000,0.000,33.900,106.500,207.353,
144.763,106.875,114.273,nan,nan,nan,nan,111.000,119.778,135.306,
97.059,213.000,107.025,188.400,204.000,nan,nan,265.875,145.167,369.000,
