157.875,0.000,114.789,127.421,135.462,102.000,30.000,nan,194.000,0.000,
106.091,0.000,nan,142.607,134.361,91.000,132.231,0.000,92.143,180.000,
114.444,130.421,237.545,nan,208.286,88.385,150.000,157.500,0.000,nan,
91.000,91.021,62.100,0.000,0.000,0.000,nan,0.000,201.667,132.000,
nan,71.348,112.373,295.000,nan,0.000,127.909,109.000,144.955,0.000,
97.000,153.000,169.800,0.000,nan,12.000,111.000,0.000,139.333,115.500,
128.500,nan,0.000,nan,145.500,82.125,165.947,128.667,127.727,134.667,
nan,nan,152.250,195.600,139.350,110.000,137.100,167.143,101.875,98.833,
nan,nan,269.250,nan,69.900,97.000,107.143,150.000,123.000,0.000,
nan,nan,0.000,99.923,79.000,92.000,120.000,100.714,171.857,nan,
