nan,nan,0.354,0.312,0.336,0.375,0.350,0.250,0.453,0.250,
nan,0.125,0.350,0.406,0.312,0.352,0.385,0.312,0.417,0.338,
0.188,0.188,0.312,0.335,0.312,0.307,nan,0.250,0.229,0.312,
0.346,0.326,0.500,0.347,0.353,0.312,0.250,0.338,0.371,0.250,
0.310,0.286,0.375,0.331,0.365,0.275,0.325,0.345,0.335,0.312,
0.370,0.312,nan,0.341,0.333,0.292,0.366,0.292,0.306,0.300,
0.362,nan,0.312,0.292,0.312,0.257,0.250,0.332,0.306,0.354,
0.375,nan,0.281,0.250,nan,0.250,0.389,0.341,0.344,0.400,
nan,nan,0.380,0.365,0.305,0.393,0.406,0.340,0.344,0.328,
0.438,nan,0.188,0.438,0.396,0.500,0.406,0.344,0.330,0.340,
