121.250,131.836,127.588,0.000,0.000,nan,0.000,76.500,139.400,154.421,
44.625,133.047,118.125,nan,nan,nan,nan,220.500,49.714,97.320,
183.000,78.000,135.273,nan,62.000,240.000,nan,0.000,128.571,145.680,
nan,87.600,178.500,162.000,nan,0.000,nan,nan,257.000,107.250,
177.000,0.000,nan,156.000,202.000,130.800,172.286,nan,142.875,109.650,
137.667,0.000,nan,139.941,129.000,100.000,133.167,82.800,137.040,133.583,
12.000,nan,nan,69.000,246.000,49.714,375.000,126.333,112.800,0.000,
87.000,180.800,194.833,nan,129.000,105.091,130.500,112.000,103.000,134.400,
91.440,163.091,137.000,nan,nan,nan,0.000,143.850,131.923,133.971,
189.000,73.875,166.552,126.000,nan,nan,0.000,94.500,118.898,142.556,
