nan,nan,153.500,nan,138.857,90.429,114.632,3.000,66.000,nan,
nan,nan,0.000,92.500,61.565,102.200,51.667,0.000,105.000,0.000,
nan,nan,nan,0.000,176.514,63.273,0.000,nan,0.000,nan,
96.714,81.000,nan,0.000,148.667,0.000,182.250,91.750,100.200,0.000,
93.833,149.053,nan,156.000,121.500,134.000,142.929,122.593,138.484,131.903,
78.545,nan,0.000,186.600,128.812,90.000,111.667,176.000,125.217,110.885,
146.714,nan,nan,112.333,104.812,254.000,113.571,110.400,189.000,126.145,
nan,0.000,93.938,187.500,222.000,143.000,122.143,100.900,104.100,153.833,
nan,153.500,118.500,190.000,405.000,nan,193.500,128.182,nan,0.000,
nan,nan,93.429,191.250,164.143,90.462,41.400,147.900,94.263,119.250,
