0.365,0.344,0.327,0.438,0.250,nan,0.438,0.344,0.312,0.352,
0.375,0.344,0.383,nan,nan,nan,nan,0.352,0.357,0.333,
0.312,0.312,0.295,nan,0.365,0.250,nan,0.438,0.321,0.312,
nan,0.300,0.307,0.326,nan,0.250,nan,nan,0.333,0.359,
0.203,0.750,nan,0.375,0.417,0.391,0.357,nan,0.219,0.347,
0.306,0.281,nan,0.382,0.292,0.354,0.358,0.312,0.312,0.337,
0.292,nan,nan,0.375,0.438,0.362,0.469,0.333,0.312,0.312,
0.333,0.383,0.361,nan,0.297,0.318,0.391,0.385,0.326,0.287,
0.328,0.318,0.312,nan,nan,nan,0.312,0.362,0.345,0.343,
0.406,0.320,0.377,0.333,nan,nan,0.312,0.294,0.338,0.366,
