nan,203.500,152.400,0.000,nan,138.900,74.400,88.800,66.545,59.357,
0.000,0.000,57.600,0.000,nan,67.714,80.091,93.656,67.615,111.857,
nan,nan,243.000,nan,0.000,133.500,58.636,105.000,124.929,135.000,
nan,nan,nan,nan,223.000,141.000,90.677,75.545,57.682,0.000,
nan,nan,186.000,nan,117.000,101.333,60.750,138.889,142.154,0.000,
194.571,188.625,150.231,120.500,112.050,171.000,105.857,180.300,115.714,95.000,
81.429,20.000,102.000,nan,0.000,0.000,6.000,31.000,110.864,163.556,
176.100,133.800,164.833,110.000,0.000,157.174,93.444,68.100,61.200,155.318,
76.800,76.929,124.200,nan,nan,236.000,160.500,nan,91.500,75.261,
0.000,148.050,120.395,nan,nan,nan,nan,69.750,154.630,198.600,
