0.375,nan,0.351,0.361,0.352,0.273,0.312,nan,0.208,0.359,
0.250,0.328,0.324,0.287,0.315,0.339,0.438,0.417,nan,nan,
nan,nan,0.375,0.271,0.281,0.396,0.328,0.327,0.275,nan,
0.336,0.229,nan,nan,0.237,0.292,0.304,0.371,0.318,0.331,
nan,nan,nan,nan,0.375,0.346,0.370,0.356,0.333,0.375,
0.417,nan,0.358,0.312,0.341,0.350,0.328,0.326,0.250,nan,
0.318,0.379,0.336,0.375,0.293,0.318,0.349,0.354,0.359,0.292,
0.250,nan,0.315,0.307,0.268,0.250,0.375,0.388,0.303,0.368,
0.375,0.339,0.281,0.331,0.375,nan,0.362,0.281,0.625,nan,
nan,0.375,0.350,0.312,0.375,0.362,nan,0.188,0.362,0.333,
