0.000,159.176,90.000,135.000,106.435,152.804,98.538,0.000,126.000,84.900,
66.750,130.714,nan,0.000,71.455,111.429,88.080,131.455,198.375,150.375,
0.000,nan,nan,nan,36.000,155.143,122.000,106.000,153.000,109.000,
nan,nan,nan,nan,147.000,161.100,66.000,138.200,146.167,0.000,
0.000,nan,nan,174.000,279.000,89.333,124.714,104.357,0.000,150.000,
100.147,114.750,61.000,132.300,119.182,152.850,112.000,0.000,nan,37.500,
159.000,nan,0.000,162.000,158.069,151.737,216.600,281.143,106.091,157.607,
154.213,93.000,0.000,234.667,91.800,98.400,145.263,93.273,21.000,90.000,
142.400,15.000,121.500,0.000,nan,nan,73.500,96.000,170.077,108.811,
161.333,153.000,86.160,30.750,286.000,28.000,260.000,70.200,133.000,79.364,
