nan,nan,0.422,nan,0.312,0.354,0.243,0.312,0.347,nan,
nan,nan,0.375,0.292,0.266,0.339,0.427,nan,0.346,nan,
nan,nan,nan,0.312,0.328,0.352,nan,0.188,nan,nan,
0.354,0.328,nan,0.341,0.315,nan,0.406,0.328,0.312,0.297,
0.333,0.305,nan,0.330,0.317,0.417,0.338,0.341,0.321,0.365,
0.305,nan,nan,0.350,0.367,0.369,0.347,0.337,0.341,0.311,
0.367,0.062,0.438,0.281,0.441,0.433,0.297,0.353,0.344,0.333,
0.375,nan,0.319,0.350,0.125,0.312,0.323,0.309,0.375,0.336,
nan,0.312,0.346,0.305,0.266,nan,0.362,0.370,0.438,0.300,
nan,nan,0.312,0.250,0.417,0.237,0.188,0.340,0.329,0.320,
