nan,0.312,0.338,0.250,nan,0.312,0.500,0.381,0.284,0.344,
0.562,0.438,0.297,0.062,nan,0.321,0.354,0.334,0.327,0.348,
nan,nan,0.281,nan,0.500,0.306,0.261,0.294,0.277,0.312,
nan,nan,nan,nan,0.385,0.337,0.272,0.348,0.301,0.250,
nan,nan,0.417,nan,0.400,0.302,0.367,0.352,0.298,0.250,
0.268,0.312,0.375,0.292,0.284,0.312,0.357,0.312,0.304,0.417,
0.286,0.208,0.375,nan,0.312,0.250,0.281,0.312,0.327,0.312,
0.344,0.350,0.326,0.312,0.312,0.340,0.322,0.312,0.412,0.369,
0.381,0.353,0.333,nan,nan,0.375,0.312,nan,0.344,0.296,
0.250,0.344,0.311,nan,nan,nan,nan,0.391,0.336,0.312,
