0.301,0.340,0.323,0.306,0.355,0.312,0.325,nan,nan,0.323,
nan,0.323,nan,0.316,0.321,0.338,0.335,0.394,0.343,0.306,
0.329,0.290,nan,0.310,0.325,0.355,0.387,0.339,0.339,0.326,
0.364,nan,nan,nan,0.352,0.280,nan,0.348,0.318,0.328,
0.306,0.355,nan,0.237,0.306,0.309,0.323,0.290,0.334,0.317,
0.357,0.374,0.355,0.396,0.340,0.339,0.300,0.290,0.335,0.336,
0.362,0.350,0.364,0.337,0.349,0.296,0.374,0.333,0.274,0.305,
0.337,nan,0.290,nan,0.363,0.325,0.315,0.348,0.350,0.304,
0.333,0.306,0.290,0.319,0.351,0.355,0.302,0.290,0.358,0.334,
0.363,0.371,0.406,0.398,0.353,0.349,0.359,nan,0.452,0.359,
