0.000,154.714,113.727,128.250,145.800,80.000,142.500,0.000,nan,nan,
144.273,213.000,0.000,103.909,50.400,123.577,128.032,24.500,61.500,0.000,
31.714,nan,nan,nan,166.667,75.750,109.400,96.250,111.324,100.333,
0.000,nan,nan,0.000,0.000,216.750,nan,142.200,94.400,170.400,
125.625,0.000,nan,169.200,119.750,0.000,nan,109.000,118.714,143.379,
163.412,0.000,nan,112.500,117.562,195.818,108.000,182.000,125.625,107.925,
133.421,0.000,242.000,175.500,109.568,100.875,173.625,137.250,56.400,110.143,
119.727,52.125,122.000,192.000,136.545,107.500,123.500,82.750,75.800,155.444,
210.300,144.000,162.364,146.000,124.500,nan,125.471,128.222,64.800,74.250,
105.000,198.000,108.643,162.000,194.000,157.125,nan,119.308,nan,nan,
