0.328,nan,0.312,0.348,0.393,0.324,0.350,0.289,0.688,0.271,
0.312,nan,nan,0.258,0.357,nan,0.375,0.292,0.375,0.312,
0.188,nan,nan,nan,0.208,nan,nan,0.286,0.331,0.344,
0.281,0.388,0.422,0.250,0.325,0.250,nan,0.326,0.379,nan,
nan,0.469,0.250,nan,0.356,0.333,0.337,0.375,0.292,nan,
0.391,0.335,0.344,0.266,0.330,0.393,0.353,0.277,0.349,0.250,
0.341,0.344,0.312,0.328,0.319,0.300,0.312,0.362,0.315,0.324,
0.362,0.325,0.344,0.298,0.306,0.329,0.344,0.354,0.375,0.336,
0.339,0.318,0.335,0.344,0.317,0.375,nan,0.340,0.335,0.350,
0.347,0.278,0.345,0.334,0.312,0.372,0.328,0.344,0.359,0.329,
