0.500,0.312,0.295,0.340,0.338,0.362,nan,nan,0.156,0.336,
nan,0.312,0.295,0.402,0.367,0.312,nan,0.406,nan,0.250,
0.438,nan,0.312,nan,0.312,0.312,0.286,0.332,0.312,nan,
0.458,nan,nan,0.438,0.412,0.219,0.324,0.286,0.316,0.392,
0.531,nan,nan,nan,nan,0.357,0.326,0.371,0.344,0.250,
0.328,0.312,0.312,nan,0.375,0.341,0.334,0.342,0.358,0.188,
0.292,0.312,0.330,0.302,0.354,0.258,0.333,0.360,0.386,0.359,
0.250,nan,0.333,0.321,0.295,0.348,0.287,0.388,0.337,0.301,
0.292,0.237,0.325,0.311,0.219,0.469,0.332,0.295,0.500,0.375,
0.234,0.271,0.360,0.317,0.345,0.364,0.188,0.250,0.268,0.438,
