0.359,nan,0.375,0.375,0.319,0.384,0.366,0.338,0.344,0.312,
0.250,nan,nan,0.359,0.326,0.406,0.500,0.328,0.322,nan,
0.312,nan,nan,nan,nan,nan,nan,0.369,0.315,0.412,
0.344,0.271,0.323,nan,0.256,0.219,0.375,0.342,0.384,0.188,
nan,nan,nan,0.188,0.312,0.367,0.264,0.324,0.417,nan,
0.312,0.406,0.422,0.359,0.317,0.312,0.380,0.326,0.312,0.396,
0.331,0.271,0.333,0.312,0.298,0.354,0.250,0.312,0.359,0.315,
0.306,0.329,0.333,0.333,0.297,0.393,0.338,0.359,0.368,0.321,
0.371,0.438,0.375,0.250,0.286,0.219,nan,0.338,0.312,0.331,
0.370,0.300,0.352,0.306,0.336,0.305,0.399,0.340,0.333,0.326,
