nan,0.312,0.297,0.321,0.317,0.339,0.375,nan,0.287,0.354,
nan,0.330,0.326,0.319,0.353,0.375,nan,0.312,nan,nan,
nan,nan,0.188,nan,0.375,0.305,0.212,0.303,0.328,0.312,
0.307,0.271,nan,nan,0.295,0.302,0.356,0.277,0.331,0.323,
0.375,nan,nan,nan,0.396,0.312,0.319,0.310,0.324,0.438,
0.275,0.281,0.391,nan,0.336,0.317,0.344,0.336,0.333,nan,
0.333,0.308,0.333,0.329,0.281,0.336,0.321,0.393,0.422,nan,
0.229,0.396,0.354,0.338,0.312,0.219,0.422,0.396,0.334,0.320,
0.188,0.281,0.375,0.331,0.362,0.292,0.339,0.312,0.438,0.500,
nan,0.250,0.340,0.297,0.344,0.312,0.328,0.396,0.326,0.366,
