nan,0.271,0.275,0.375,nan,0.356,0.412,0.344,0.335,0.268,
0.438,0.312,0.338,0.500,nan,0.295,0.316,0.328,0.356,0.330,
nan,nan,0.438,nan,0.312,0.323,0.318,0.301,0.308,0.188,
nan,nan,nan,nan,0.333,0.335,0.357,0.320,0.330,0.250,
nan,nan,0.250,nan,0.325,0.347,0.391,0.280,0.317,0.375,
0.330,0.375,0.380,0.365,0.350,0.281,0.360,0.381,0.304,0.500,
0.295,0.292,0.354,nan,0.125,0.250,0.312,0.250,0.298,0.343,
0.306,0.312,0.281,0.312,0.188,0.364,0.396,0.431,0.300,0.355,
0.281,0.312,0.338,nan,nan,0.458,0.320,nan,0.344,0.356,
0.406,0.300,0.324,nan,nan,nan,nan,0.289,0.326,0.287,
