0.326,0.317,0.308,0.458,0.438,nan,nan,0.312,0.347,0.367,
0.344,0.331,0.281,0.281,0.438,nan,0.250,0.352,0.392,0.362,
0.312,0.307,0.312,0.278,0.281,0.469,nan,nan,0.292,0.356,
nan,0.354,0.340,0.344,0.281,0.438,0.250,nan,0.341,0.312,
0.406,0.281,nan,0.366,0.330,0.312,0.406,nan,0.312,0.287,
0.381,0.344,nan,0.289,0.312,0.244,0.340,0.438,0.333,0.329,
nan,0.250,nan,nan,0.188,0.302,0.392,0.340,0.335,nan,
0.347,0.390,0.322,0.250,0.307,0.254,0.375,0.300,0.326,0.312,
0.352,0.312,0.328,nan,nan,nan,nan,0.322,0.340,0.321,
0.334,0.333,0.295,0.250,0.125,nan,0.188,0.339,0.362,0.315,
