nan,0.340,0.297,0.278,0.361,0.362,0.357,0.219,nan,nan,
0.354,0.312,0.375,0.396,0.500,0.326,0.309,0.250,0.344,0.312,
0.312,nan,nan,0.167,0.365,0.344,0.250,0.375,0.415,0.295,
0.375,nan,nan,nan,0.375,0.359,0.344,0.375,0.321,0.343,
0.312,nan,0.250,0.321,0.375,0.339,0.125,nan,0.375,0.349,
0.324,0.375,nan,0.438,0.306,0.352,0.288,0.347,0.342,0.339,
0.359,0.348,0.312,0.271,0.364,0.334,0.323,0.326,0.344,0.322,
0.363,0.250,0.250,0.389,0.304,0.368,0.375,0.353,0.375,0.325,
0.330,0.312,0.295,0.384,0.354,0.250,0.438,0.295,0.344,0.327,
0.312,0.271,0.396,0.312,0.331,0.281,0.312,0.347,nan,nan,
