0.000,nan,82.714,164.000,101.750,93.938,130.500,nan,0.000,nan,
115.588,nan,26.182,119.062,45.667,55.200,120.300,246.000,128.000,83.700,
40.500,11.000,56.591,103.585,135.771,193.500,251.000,nan,nan,86.400,
138.900,nan,95.000,111.750,107.250,90.200,nan,nan,0.000,84.500,
154.826,101.500,46.909,104.250,nan,123.000,104.333,97.974,114.000,105.375,
0.000,0.000,117.400,0.000,204.000,0.000,144.750,195.000,166.800,140.667,
51.000,123.000,83.211,175.636,134.333,0.000,118.364,141.000,117.474,142.788,
nan,0.000,109.000,150.000,nan,6.000,148.625,59.143,80.000,96.000,
nan,nan,282.000,nan,nan,133.875,75.750,120.471,145.200,0.000,
nan,0.000,120.462,138.000,0.000,218.000,68.000,75.900,107.471,0.000,
