nan,0.375,0.425,nan,0.250,0.353,0.312,0.388,0.393,0.320,
nan,nan,0.281,0.250,nan,0.287,0.349,0.375,0.352,0.298,
nan,nan,0.344,nan,0.438,0.394,0.365,0.367,0.302,0.312,
nan,nan,nan,0.333,0.351,0.359,0.328,0.400,0.362,0.250,
nan,nan,0.344,0.375,0.365,0.375,0.333,0.373,0.346,0.125,
0.375,0.312,0.312,0.250,0.348,0.250,0.363,0.361,0.295,0.240,
0.341,0.250,0.384,0.125,0.312,0.391,nan,0.312,0.299,0.324,
0.303,0.335,0.331,0.300,0.406,0.333,0.371,0.281,0.359,0.300,
0.250,0.375,0.346,0.229,nan,0.365,0.339,0.438,0.312,0.365,
0.200,0.340,0.305,0.438,nan,0.375,nan,0.312,0.358,0.306,
