0.500,0.395,0.312,0.500,0.323,0.347,0.281,0.062,0.292,0.341,
nan,0.344,0.354,nan,0.417,0.359,0.316,0.332,0.344,0.237,
nan,nan,nan,nan,0.312,0.312,0.375,0.371,0.335,nan,
nan,nan,nan,nan,0.308,0.331,0.319,0.328,0.344,nan,
0.406,0.188,nan,nan,0.362,0.356,0.341,0.281,nan,0.302,
0.327,0.363,0.287,0.341,0.330,0.312,0.500,0.289,0.250,0.375,
0.366,0.365,nan,0.250,0.339,0.333,0.333,0.438,0.294,0.357,
0.321,0.307,0.281,nan,0.393,0.188,0.305,0.357,0.295,0.383,
0.365,0.250,0.305,0.354,nan,0.331,0.355,0.391,0.398,0.331,
0.332,0.357,0.325,0.312,0.287,0.349,0.375,0.362,0.333,0.333,
