nan,0.406,0.348,0.318,0.344,0.371,0.328,nan,nan,0.388,
0.312,0.281,0.334,0.354,0.312,0.375,0.292,0.312,nan,0.250,
nan,nan,nan,nan,0.382,0.295,nan,0.301,0.333,nan,
0.469,nan,nan,0.312,0.354,0.297,0.341,0.354,0.312,0.266,
nan,nan,nan,0.333,nan,0.391,0.295,0.319,0.344,0.321,
0.335,0.354,0.312,0.350,nan,0.303,0.329,0.350,0.333,nan,
0.438,nan,0.357,0.238,0.304,0.375,0.305,0.487,0.359,0.375,
nan,0.359,0.304,0.327,0.271,0.359,0.292,0.303,0.361,nan,
0.188,0.297,0.353,0.381,0.340,nan,0.333,0.333,0.287,nan,
nan,0.312,0.354,0.357,0.279,0.344,0.312,0.422,0.281,0.330,
