0.188,0.297,0.382,0.312,0.319,0.331,0.365,0.562,0.375,0.335,
nan,0.359,0.333,nan,0.312,0.289,0.291,0.309,0.250,0.375,
nan,nan,nan,nan,0.417,0.369,0.375,0.281,0.283,nan,
nan,nan,nan,nan,0.366,0.298,0.338,0.332,0.309,nan,
0.219,0.438,nan,nan,0.316,0.310,0.290,0.400,nan,0.302,
0.341,0.348,0.388,0.307,0.273,0.331,0.250,0.375,0.354,0.219,
0.375,0.271,nan,0.438,0.316,0.333,0.292,0.312,0.346,0.338,
0.339,0.344,0.375,nan,0.268,0.438,0.341,0.304,0.312,0.328,
0.293,0.375,0.346,0.333,nan,0.331,0.335,0.328,0.281,0.337,
0.322,0.357,0.358,0.375,0.263,0.318,0.250,0.306,0.345,0.319,
