0.500,nan,0.286,0.354,0.339,0.307,0.219,nan,0.438,nan,
0.338,nan,0.301,0.340,0.354,0.338,0.309,0.375,0.385,0.312,
0.336,0.229,0.355,0.311,0.327,0.453,0.354,nan,nan,0.300,
0.356,nan,0.333,0.336,0.266,0.346,nan,nan,0.312,0.406,
0.383,0.354,0.392,0.344,nan,0.219,0.410,0.337,0.387,0.328,
0.312,0.438,0.300,0.438,0.341,0.125,0.383,0.336,0.388,0.322,
0.250,0.396,0.314,0.341,0.326,0.688,0.335,0.344,0.319,0.311,
nan,0.188,0.319,0.312,nan,0.344,0.310,0.312,0.345,0.304,
nan,nan,0.344,nan,nan,0.359,0.315,0.338,0.306,0.312,
nan,0.312,0.375,0.344,0.375,0.292,0.271,0.350,0.316,0.188,
