nan,nan,0.411,0.364,0.384,0.356,0.438,0.375,nan,0.312,
nan,nan,nan,0.302,0.295,0.312,0.458,nan,0.438,nan,
nan,nan,nan,0.312,0.315,0.406,0.375,0.500,nan,nan,
0.406,0.250,nan,0.500,0.297,0.312,0.356,0.312,0.336,0.354,
0.327,0.312,nan,0.402,0.292,0.375,0.374,0.350,0.340,0.362,
0.250,0.344,nan,0.317,0.375,0.188,0.321,0.342,0.347,0.278,
0.348,0.250,0.375,0.330,0.353,0.312,0.312,0.438,0.346,0.331,
0.338,0.354,0.312,0.263,0.312,0.382,0.336,0.396,0.370,0.339,
0.250,0.350,0.328,0.362,0.391,0.354,0.339,0.352,nan,0.219,
nan,0.438,0.375,0.281,0.378,0.344,0.297,0.333,0.333,0.362,
