0.340,0.326,0.341,0.250,0.281,nan,nan,0.625,0.290,0.342,
0.438,0.438,0.500,0.188,0.292,0.375,0.188,0.319,0.325,0.359,
0.250,0.310,0.312,0.305,0.392,0.388,0.312,0.188,0.350,0.312,
0.375,0.368,0.325,nan,0.312,0.292,0.375,nan,0.327,0.388,
0.292,0.375,nan,0.625,0.335,0.322,0.380,0.300,0.388,0.398,
0.323,0.321,0.188,0.287,0.382,0.319,0.344,0.295,0.299,0.338,
0.312,nan,nan,nan,0.333,0.326,0.328,0.319,0.292,0.396,
0.315,0.328,0.366,nan,0.375,0.338,nan,0.250,0.323,0.323,
0.328,0.312,nan,nan,nan,0.375,0.312,0.295,0.340,0.375,
0.332,0.346,0.328,nan,nan,nan,0.500,0.267,0.341,0.317,
