0.325,0.188,nan,nan,0.275,0.363,0.361,0.438,0.339,0.388,
0.312,0.406,0.188,nan,0.333,0.344,nan,0.277,0.327,0.309,
0.188,0.312,nan,0.438,0.396,0.438,0.344,0.301,0.318,0.321,
0.438,0.305,nan,nan,0.302,0.312,nan,0.330,0.359,0.361,
0.344,nan,nan,nan,0.365,0.316,0.336,0.344,0.312,0.359,
0.400,0.438,0.304,0.311,0.357,0.326,0.385,0.323,0.361,0.422,
0.342,0.346,0.188,0.294,0.317,0.331,0.250,0.385,0.355,0.356,
0.317,0.362,nan,0.312,0.333,0.312,0.312,0.263,0.287,0.329,
0.361,0.500,0.375,nan,0.333,0.188,0.250,0.326,0.388,0.323,
0.312,0.365,0.417,0.250,0.344,0.277,0.375,0.357,0.288,0.339,
