0.328,0.348,0.341,0.375,0.281,nan,nan,0.250,0.403,0.340,
0.312,0.297,0.312,0.250,0.250,0.375,0.562,0.303,0.355,0.312,
0.219,0.388,0.438,0.328,0.330,0.300,0.625,0.219,0.375,0.279,
0.250,0.316,0.312,nan,0.375,0.219,0.271,nan,0.317,0.362,
0.354,0.500,nan,0.375,0.372,0.364,0.332,0.356,0.475,0.395,
0.375,0.304,0.188,0.306,0.324,0.344,0.156,0.307,0.382,0.300,
0.438,nan,nan,nan,0.333,0.310,0.328,0.344,0.479,0.396,
0.326,0.297,0.321,nan,0.323,0.346,nan,0.188,0.316,0.385,
0.370,0.229,nan,nan,nan,0.271,0.438,0.261,0.366,0.398,
0.344,0.399,0.500,nan,nan,nan,0.375,0.323,0.349,0.334,
