0.349,0.310,0.308,0.290,0.271,0.258,0.329,nan,nan,0.315,
nan,nan,nan,nan,0.345,0.344,0.258,0.344,0.294,nan,
nan,0.419,0.387,0.344,0.337,0.323,0.258,0.313,0.309,nan,
0.315,0.366,0.335,0.355,0.312,0.336,0.323,0.323,0.376,0.258,
nan,0.290,0.310,0.323,0.328,0.342,0.353,0.329,0.353,0.355,
0.323,0.383,0.351,0.355,0.335,0.310,0.306,0.328,0.367,0.306,
0.324,0.355,0.367,0.366,0.355,0.332,0.313,0.354,0.324,0.334,
0.367,0.326,0.290,0.327,0.258,0.355,0.355,0.306,0.342,0.363,
0.341,0.258,0.452,0.355,0.286,0.280,nan,0.269,0.315,0.337,
0.306,0.339,0.314,nan,0.258,0.242,0.226,0.242,0.371,0.357,
