nan,nan,0.333,0.306,0.336,0.325,0.348,0.371,0.516,0.258,
nan,nan,nan,0.329,0.328,0.320,0.306,nan,0.295,0.290,
nan,nan,nan,nan,0.321,0.287,nan,0.355,nan,nan,
0.392,0.323,nan,0.355,0.323,nan,0.315,0.312,0.263,0.355,
0.307,0.333,0.194,0.313,0.332,0.315,0.361,0.339,0.330,0.318,
0.355,0.323,nan,0.387,0.303,0.484,0.326,0.285,0.336,0.378,
0.387,0.452,0.355,0.337,0.339,0.387,0.363,0.342,0.353,0.343,
0.419,0.419,0.306,0.370,0.296,0.376,0.326,0.333,0.387,0.339,
0.323,0.320,0.297,0.320,0.382,0.269,0.312,0.336,nan,0.301,
nan,nan,0.376,0.315,0.290,0.335,0.339,0.314,0.315,0.315,
