0.360,0.318,nan,0.354,0.312,0.312,0.384,nan,nan,0.375,
0.391,0.312,0.375,0.300,0.327,0.370,0.342,0.354,0.333,0.388,
0.354,nan,nan,0.325,0.344,0.438,nan,0.326,0.315,0.268,
0.296,nan,nan,0.375,0.352,0.394,0.375,0.365,0.332,0.310,
0.438,nan,nan,0.250,0.332,0.292,0.331,0.297,0.292,0.334,
0.234,0.271,0.312,0.350,0.348,0.329,0.310,0.263,0.371,0.346,
0.278,0.203,0.275,0.306,0.284,0.375,0.318,nan,0.412,0.431,
0.306,0.250,0.438,0.500,0.317,0.306,0.328,0.287,0.341,0.315,
0.299,nan,0.271,0.323,0.366,0.297,0.318,0.292,0.345,0.287,
0.281,0.359,0.375,0.250,0.320,0.297,0.363,nan,0.328,0.312,
