nan,0.260,0.350,0.344,0.268,0.361,0.317,0.219,nan,nan,
0.341,0.292,nan,0.375,0.328,0.372,0.364,0.438,0.438,0.188,
nan,nan,nan,0.250,0.338,0.347,0.278,0.365,0.348,0.375,
0.406,nan,nan,0.375,0.250,0.297,0.406,0.301,0.335,0.312,
0.284,nan,nan,0.349,0.325,0.375,nan,0.354,0.453,0.334,
0.338,nan,0.312,0.420,0.330,0.331,0.312,0.438,0.326,0.297,
0.359,0.406,0.281,0.322,0.345,0.280,0.335,0.353,0.250,0.393,
0.341,0.125,0.275,0.328,0.335,0.255,0.312,0.420,0.300,0.351,
0.312,0.292,0.317,0.342,0.305,0.594,0.351,0.327,0.384,0.469,
0.288,0.396,0.302,0.371,0.273,0.277,0.438,0.333,nan,nan,
