165.000,nan,129.261,116.308,131.875,125.455,183.000,nan,184.000,195.750,
0.000,120.000,91.091,190.200,164.875,143.571,0.000,174.000,nan,nan,
nan,nan,0.000,58.000,276.000,0.000,81.000,138.767,82.200,nan,
174.375,181.500,nan,nan,84.600,166.500,138.964,109.059,154.364,143.100,
nan,nan,nan,nan,165.000,113.308,148.286,124.050,130.000,186.000,
81.000,nan,204.273,33.000,154.636,129.889,138.500,111.643,148.000,nan,
77.455,165.600,119.643,104.308,56.625,139.000,110.750,93.167,89.250,48.000,
162.000,nan,113.200,124.091,121.765,60.000,163.000,190.200,105.462,138.477,
141.000,213.429,153.000,122.647,199.071,nan,96.000,0.000,0.000,nan,
nan,237.000,150.321,195.375,171.158,58.800,nan,0.000,221.400,177.000,
