0.402,0.299,0.351,0.479,0.406,nan,0.375,0.250,0.312,0.300,
nan,nan,0.344,nan,0.259,0.333,0.438,0.351,0.351,0.438,
nan,nan,0.325,0.469,0.367,0.312,0.312,0.339,0.321,0.125,
0.375,0.344,0.348,0.417,0.175,0.438,0.380,0.297,0.300,0.375,
0.357,0.339,0.344,0.357,0.362,0.281,0.375,0.337,0.344,0.384,
0.521,0.315,0.359,0.392,0.359,0.379,0.344,0.406,0.325,0.406,
0.343,0.312,0.375,0.328,0.297,0.394,0.411,0.327,0.333,0.344,
0.331,0.400,0.344,0.330,0.188,0.250,nan,0.324,0.385,0.319,
0.344,0.292,0.312,0.375,0.281,nan,nan,0.312,0.336,0.318,
0.338,0.260,0.327,0.500,0.328,nan,nan,0.326,0.337,0.284,
