0.349,0.250,0.375,nan,0.365,0.312,0.396,nan,nan,0.344,
nan,nan,nan,nan,0.312,0.188,0.312,0.367,0.332,nan,
nan,nan,0.312,nan,0.312,nan,nan,0.333,0.362,0.250,
nan,0.339,0.348,0.396,0.323,0.188,0.312,0.406,0.400,0.250,
nan,0.500,0.375,0.438,0.420,0.365,0.345,0.348,0.321,nan,
0.347,0.250,0.340,0.292,0.373,0.338,0.275,0.352,0.367,0.438,
0.354,0.348,0.250,0.275,0.318,0.339,0.396,0.350,0.340,0.340,
0.368,0.375,0.325,0.375,0.332,0.250,nan,0.364,0.375,0.296,
0.341,0.323,0.375,0.375,0.321,0.292,0.271,0.338,0.347,0.327,
0.341,0.388,0.321,0.281,0.250,0.323,0.326,0.323,0.287,0.314,
