0.344,0.375,0.352,0.332,0.346,0.281,0.344,nan,0.292,0.250,
0.324,0.562,nan,0.306,0.306,0.365,0.332,0.438,0.348,0.406,
0.326,0.306,0.312,nan,0.393,0.356,0.250,0.281,0.188,nan,
0.380,0.360,0.375,0.312,0.312,0.625,nan,0.312,0.347,0.344,
nan,0.356,0.342,0.333,nan,0.250,0.335,0.385,0.341,0.438,
0.458,0.188,0.412,0.562,nan,0.354,0.318,0.438,0.292,0.312,
0.354,nan,0.344,nan,0.308,0.297,0.349,0.347,0.364,0.349,
nan,nan,0.266,0.425,0.344,0.354,0.327,0.344,0.315,0.316,
nan,nan,0.281,nan,0.362,0.458,0.292,0.385,0.266,0.406,
nan,nan,0.250,0.365,0.312,0.438,0.330,0.348,0.286,nan,
