0.359,0.342,0.320,0.188,0.344,0.438,nan,0.500,0.321,0.304,
0.266,0.335,0.062,nan,0.312,nan,nan,0.328,0.312,0.333,
0.375,0.330,0.312,0.317,0.371,0.250,nan,0.312,0.370,0.309,
nan,0.304,0.352,nan,0.312,0.312,0.188,0.250,0.342,0.391,
nan,nan,nan,0.271,0.321,0.318,0.382,0.250,0.188,0.328,
0.385,0.369,0.250,0.307,0.297,0.396,0.415,0.188,0.353,0.375,
nan,nan,nan,0.188,0.375,0.361,0.241,0.338,0.333,0.250,
0.331,0.312,0.302,nan,0.375,0.302,0.312,0.125,0.281,0.312,
0.346,0.312,nan,nan,nan,nan,0.312,0.329,0.354,0.315,
0.310,0.300,0.289,nan,0.312,nan,nan,0.393,0.319,0.342,
