218.571,0.000,74.750,153.143,139.350,194.000,nan,nan,47.143,nan,
160.200,73.750,116.143,140.000,109.359,64.500,154.000,0.000,92.625,0.000,
90.240,114.550,137.500,106.500,124.583,0.000,75.000,84.000,0.000,159.000,
104.100,158.727,131.000,0.000,0.000,nan,nan,0.000,96.750,99.000,
266.250,126.714,149.000,94.364,0.000,0.000,211.000,135.429,92.143,170.250,
65.000,114.429,95.500,0.000,149.000,nan,135.000,228.600,157.364,154.000,
88.000,nan,nan,0.000,80.077,84.000,122.824,116.714,147.273,164.129,
0.000,nan,447.000,34.000,110.483,105.750,116.727,91.875,77.250,144.789,
nan,nan,142.875,nan,0.000,0.000,85.714,197.368,127.750,16.500,
0.000,nan,231.000,258.000,177.000,nan,176.357,186.000,185.400,0.000,
