0.281,0.317,0.358,0.312,0.317,nan,nan,0.292,0.375,0.406,
0.406,0.330,0.344,0.188,0.312,0.328,0.406,0.345,0.250,0.310,
nan,nan,0.344,0.417,0.297,0.438,nan,0.312,0.333,0.340,
0.425,0.328,0.336,0.312,0.271,nan,0.312,0.312,0.323,0.250,
0.323,0.375,nan,0.292,0.344,0.381,0.312,0.312,0.312,0.400,
0.344,0.352,0.308,0.292,0.338,0.287,nan,0.354,0.302,0.385,
0.333,0.312,0.333,0.125,0.271,0.333,0.359,0.311,0.316,0.347,
0.355,0.417,0.297,0.562,0.250,0.188,nan,0.344,0.321,0.333,
0.345,0.500,0.375,0.188,nan,nan,0.375,0.357,0.303,0.312,
0.365,0.302,0.325,0.336,0.300,nan,nan,0.341,0.372,0.427,
