nan,43.333,103.250,97.286,127.071,157.750,0.000,nan,124.800,216.000,
nan,112.364,66.316,107.850,156.000,231.000,nan,141.000,nan,nan,
nan,nan,0.000,nan,0.000,55.125,123.600,170.531,65.250,0.000,
142.750,184.000,nan,nan,138.000,180.000,126.577,140.571,152.100,121.000,
0.000,nan,nan,nan,18.000,123.818,109.381,105.889,120.818,0.000,
143.400,123.000,236.250,nan,147.750,167.000,114.357,84.724,72.000,nan,
266.000,156.923,169.676,86.800,154.500,135.375,87.429,189.857,81.000,nan,
0.000,0.000,139.111,141.600,156.300,31.500,96.000,261.000,111.300,192.720,
0.000,210.000,36.000,120.628,163.800,92.000,195.250,73.636,0.000,0.000,
nan,0.000,128.760,109.500,144.000,192.000,71.625,65.500,98.842,42.857,
