0.352,0.312,0.357,nan,nan,0.237,nan,0.350,0.321,0.203,
nan,nan,0.375,0.250,nan,0.271,0.326,0.371,0.302,0.375,
0.312,nan,nan,nan,nan,0.333,0.287,0.332,0.281,0.333,
nan,nan,nan,nan,0.335,0.301,0.322,0.319,0.391,0.312,
nan,0.375,nan,0.312,0.326,0.344,0.337,0.315,0.438,0.344,
nan,0.266,0.389,0.341,0.280,0.285,0.310,0.330,0.312,0.279,
0.406,0.688,0.258,nan,0.266,nan,0.188,0.250,0.312,0.369,
0.392,0.305,0.299,nan,0.188,0.344,0.325,0.328,0.358,0.337,
0.311,0.323,0.306,0.312,nan,nan,0.344,0.250,0.469,0.306,
0.400,0.344,0.333,0.250,0.333,0.250,0.297,0.332,0.352,0.361,
