0.306,0.298,0.347,nan,nan,0.387,0.315,0.355,0.315,0.332,
nan,0.355,0.327,nan,0.355,0.315,0.333,0.328,0.306,0.339,
nan,nan,0.452,nan,0.194,0.347,0.350,0.336,0.352,nan,
nan,nan,nan,nan,0.279,0.362,0.329,0.337,0.334,0.387,
0.355,nan,nan,0.323,0.315,0.381,0.293,0.318,0.319,0.387,
0.331,0.427,0.387,0.355,0.335,0.323,0.329,0.329,0.329,0.348,
0.373,nan,0.419,0.290,nan,nan,0.409,0.400,0.367,0.359,
0.310,0.311,0.326,nan,0.290,0.358,0.368,0.349,0.310,0.355,
0.333,0.348,0.336,0.290,nan,nan,0.295,0.226,0.301,0.321,
0.302,0.327,0.350,nan,nan,0.323,0.258,0.360,0.317,0.342,
