0.335,0.330,0.312,0.350,0.312,nan,nan,0.388,0.463,0.360,
0.250,0.396,0.312,0.354,0.422,0.234,0.375,0.338,0.316,0.341,
nan,0.375,0.312,0.307,0.348,0.396,0.438,0.388,0.335,nan,
nan,0.319,0.438,0.375,0.286,0.125,0.281,0.400,0.310,0.375,
0.375,0.396,0.219,0.425,0.297,0.353,0.406,0.375,0.315,0.329,
0.250,0.349,0.391,0.352,0.299,0.333,nan,0.339,0.380,0.266,
0.406,0.312,nan,0.562,0.292,0.348,0.320,0.323,0.367,0.333,
0.302,0.312,0.304,0.500,nan,0.323,0.250,0.281,0.284,0.322,
0.332,0.319,0.362,0.250,0.312,0.375,nan,0.333,0.332,0.357,
0.328,0.332,0.354,0.286,0.292,nan,nan,0.329,0.320,0.312,
