nan,166.750,233.000,nan,193.875,128.300,nan,98.000,85.200,194.400,
nan,nan,nan,nan,0.000,6.000,156.811,77.217,114.750,132.375,
nan,nan,nan,48.000,0.000,118.600,0.000,94.200,158.571,87.000,
nan,nan,nan,64.500,152.308,107.217,125.250,147.200,98.333,nan,
nan,0.000,nan,nan,123.000,116.636,138.667,117.000,67.286,180.750,
60.000,138.724,90.000,141.333,121.125,149.625,105.000,216.500,0.000,147.429,
83.842,0.000,0.000,nan,106.615,174.900,191.250,0.000,205.500,107.415,
145.600,78.667,154.500,42.000,160.500,103.333,169.100,157.500,87.840,158.077,
151.000,114.600,112.350,0.000,147.000,124.364,187.615,102.000,104.250,134.647,
107.250,93.400,93.971,158.143,15.000,87.000,150.000,130.286,140.105,97.935,
