nan,145.385,81.900,nan,181.800,116.182,258.750,105.000,70.875,117.857,
169.000,96.000,0.000,nan,155.100,145.615,103.333,125.471,135.000,90.375,
nan,nan,nan,nan,0.000,71.294,0.000,150.000,143.429,222.000,
nan,nan,nan,nan,56.500,78.158,65.400,112.143,157.714,0.000,
0.000,nan,nan,0.000,75.000,136.950,137.538,150.333,nan,106.154,
209.684,98.769,96.500,115.031,125.812,145.412,0.000,nan,0.000,42.000,
112.000,30.000,nan,165.000,166.304,137.880,128.333,168.750,86.786,124.440,
158.806,27.000,0.000,202.000,130.500,140.000,154.091,101.647,120.200,108.636,
119.077,0.000,97.800,78.000,0.000,0.000,121.800,18.000,136.909,130.143,
93.000,40.200,104.312,97.125,82.800,44.400,147.000,0.000,128.786,86.250,
