0.391,0.319,0.319,0.354,0.304,nan,nan,0.354,0.354,0.269,
0.406,0.304,0.375,0.500,0.354,0.406,0.312,0.321,0.389,0.307,
nan,nan,0.406,0.333,0.344,0.271,nan,0.438,0.326,0.340,
0.287,0.328,0.323,0.438,0.396,nan,0.323,0.375,0.345,0.281,
0.344,0.250,nan,0.375,0.292,0.319,0.375,0.438,0.342,0.306,
0.375,0.297,0.351,0.385,0.353,0.300,nan,0.354,0.365,0.365,
0.285,0.393,0.375,0.438,0.396,0.347,0.234,0.366,0.324,0.315,
0.319,0.229,0.359,0.250,0.562,0.438,nan,0.453,0.321,0.354,
0.346,0.188,0.312,0.375,nan,nan,0.438,0.312,0.397,0.347,
0.333,0.385,0.337,0.344,0.338,nan,nan,0.321,0.296,0.323,
