nan,0.406,0.384,0.339,0.332,0.359,0.350,nan,0.250,nan,
0.354,0.312,0.352,0.312,0.312,0.365,0.328,0.318,0.349,0.292,
0.396,nan,0.375,0.291,0.331,0.309,0.188,nan,0.625,0.287,
0.271,0.438,0.281,0.341,0.319,0.362,0.188,0.312,0.335,0.234,
0.305,0.312,0.312,0.305,0.268,nan,0.388,0.337,0.331,0.312,
0.328,0.312,0.338,0.396,0.359,0.266,0.359,0.361,0.316,0.348,
0.400,0.292,0.264,0.325,0.339,0.188,0.422,0.306,0.325,0.316,
nan,nan,0.375,0.333,0.250,0.312,0.355,0.368,0.304,0.385,
nan,0.281,0.381,0.312,nan,0.312,0.331,0.325,0.321,0.354,
nan,nan,0.299,0.269,0.219,nan,0.312,0.312,0.354,nan,
