0.334,0.403,0.226,nan,0.309,0.372,0.310,0.331,0.331,0.297,
0.387,0.312,nan,nan,0.381,0.419,0.258,0.332,0.325,0.344,
nan,nan,nan,nan,0.323,0.226,nan,0.297,0.332,0.333,
0.320,0.339,0.355,0.387,0.326,0.313,0.333,0.377,0.357,nan,
0.323,nan,nan,nan,0.308,0.352,0.298,0.327,0.325,nan,
0.318,0.387,nan,0.367,0.316,0.310,0.371,0.336,0.360,0.344,
0.323,0.341,0.323,0.343,0.310,0.359,nan,0.344,0.323,0.370,
0.358,0.312,0.323,0.297,0.355,0.304,0.366,0.310,0.263,0.330,
0.355,nan,nan,nan,0.371,0.403,0.452,0.341,0.309,0.350,
0.357,0.278,0.358,0.333,0.306,0.366,0.347,0.347,0.304,0.322,
