0.370,0.323,0.625,nan,0.312,0.336,0.354,0.188,0.406,0.438,
0.312,0.415,0.250,nan,0.375,0.305,0.375,0.328,0.348,0.355,
nan,nan,0.250,0.375,0.473,0.250,0.250,0.306,0.306,0.339,
0.308,0.188,nan,0.333,0.400,0.312,nan,0.312,0.336,0.320,
nan,nan,nan,0.325,0.351,0.343,0.344,0.301,0.292,0.364,
nan,0.312,nan,0.320,0.310,0.396,0.295,0.383,0.330,0.299,
0.341,0.301,0.312,0.359,0.356,0.324,0.332,nan,0.330,0.368,
0.353,0.325,nan,0.297,0.347,0.278,0.312,0.375,0.300,0.352,
0.375,0.312,0.250,0.384,0.354,0.250,0.327,0.438,0.349,0.323,
0.333,0.367,nan,0.281,0.363,0.208,0.375,0.385,0.357,0.350,
