0.375,0.361,nan,0.371,0.310,0.319,0.394,nan,0.344,0.281,
0.362,0.438,nan,0.344,0.364,0.312,0.331,0.354,0.321,0.394,
0.338,0.375,nan,nan,0.417,0.400,0.367,0.306,0.355,0.342,
0.406,nan,nan,nan,0.062,0.332,0.312,0.266,0.281,0.375,
nan,nan,nan,0.375,0.344,nan,0.312,0.344,0.358,0.331,
0.417,nan,nan,0.359,0.365,nan,nan,0.312,0.362,0.312,
0.260,nan,0.312,0.352,0.288,0.290,0.396,0.320,0.315,0.188,
0.333,0.297,0.297,0.366,0.360,0.354,0.330,0.337,0.361,0.319,
0.303,0.338,0.341,0.281,0.312,0.188,0.388,0.380,0.375,0.312,
0.326,0.188,0.322,0.351,0.254,0.290,0.312,0.342,0.188,nan,
