nan,nan,0.281,nan,0.396,0.271,0.354,0.438,0.278,nan,
nan,nan,0.281,0.354,0.375,0.333,0.333,nan,0.341,nan,
nan,nan,nan,0.250,0.307,0.289,nan,0.375,nan,nan,
0.350,0.320,nan,0.318,0.361,nan,0.312,0.289,0.279,0.359,
0.322,0.359,nan,0.312,0.296,0.302,0.298,0.338,0.337,0.303,
0.367,nan,nan,0.287,0.279,0.294,0.326,0.317,0.336,0.365,
0.358,0.562,0.312,0.406,0.274,0.293,0.286,0.361,0.344,0.333,
0.312,nan,0.362,0.375,0.562,0.375,0.346,0.346,0.344,0.352,
nan,0.438,0.305,0.328,0.359,nan,0.342,0.339,0.359,0.287,
nan,nan,0.312,0.250,0.271,0.375,0.250,0.355,0.327,0.359,
