0.312,0.309,0.306,0.188,0.358,0.322,0.354,0.375,0.333,0.324,
nan,0.297,0.312,nan,0.271,0.352,0.394,0.359,0.406,0.388,
nan,nan,nan,nan,0.271,0.319,0.250,0.348,0.382,nan,
nan,nan,nan,nan,0.326,0.371,0.344,0.341,0.348,nan,
0.375,0.375,nan,nan,0.322,0.333,0.369,0.319,nan,0.396,
0.332,0.289,0.325,0.352,0.398,0.357,0.250,0.336,0.396,0.406,
0.259,0.365,nan,0.312,0.345,0.333,0.375,0.250,0.359,0.305,
0.339,0.349,0.344,nan,0.339,0.375,0.353,0.339,0.393,0.290,
0.341,0.375,0.349,0.312,nan,0.338,0.310,0.281,0.320,0.332,
0.346,0.286,0.317,0.312,0.450,0.333,0.375,0.331,0.322,0.348,
