0.268,0.326,0.295,0.312,0.266,nan,0.281,0.375,0.281,0.350,
nan,nan,0.312,nan,0.384,0.344,0.312,0.307,0.340,0.250,
nan,nan,0.237,0.406,0.305,0.281,0.375,0.370,0.371,0.344,
0.250,0.335,0.330,0.229,0.362,0.312,0.292,0.328,0.321,0.312,
0.339,0.290,0.391,0.330,0.307,0.375,0.298,0.335,0.339,0.264,
0.250,0.326,0.250,0.295,0.359,0.290,0.297,0.354,0.362,0.281,
0.335,0.396,0.375,0.391,0.385,0.303,0.321,0.339,0.319,0.330,
0.343,0.287,0.438,0.295,0.625,0.333,nan,0.320,0.303,0.375,
0.329,0.333,0.328,0.312,0.438,nan,nan,0.344,0.336,0.337,
0.383,0.365,0.347,0.250,0.375,nan,nan,0.368,0.347,0.358,
