nan,0.328,0.310,0.323,nan,0.306,0.265,0.300,0.355,0.348,
0.194,0.339,0.344,0.355,nan,0.355,0.323,0.341,0.340,0.336,
nan,nan,0.371,nan,0.419,0.362,0.334,0.351,0.341,0.371,
nan,nan,nan,nan,0.306,0.335,0.344,0.324,0.315,0.387,
nan,nan,0.387,nan,0.329,0.357,0.315,0.344,0.310,0.419,
0.350,0.367,0.310,0.344,0.337,0.435,0.313,0.319,0.406,0.194,
0.332,0.355,0.430,nan,0.419,0.290,0.306,0.355,0.331,0.343,
0.355,0.312,0.364,0.376,0.452,0.337,0.307,0.310,0.329,0.305,
0.358,0.359,0.335,nan,nan,0.290,0.327,nan,0.298,0.349,
0.355,0.327,0.341,nan,nan,nan,nan,0.319,0.332,0.331,
