0.318,0.385,0.312,nan,0.458,0.327,0.229,0.562,0.281,0.125,
0.338,0.301,0.312,nan,0.312,0.387,0.375,0.344,0.324,0.328,
nan,nan,0.375,0.375,0.312,0.312,0.312,0.292,0.340,0.361,
0.296,0.188,nan,0.344,0.263,0.375,nan,0.362,0.328,0.316,
nan,nan,nan,0.275,0.317,0.338,0.281,0.347,0.250,0.295,
nan,0.438,nan,0.308,0.340,0.292,0.312,0.285,0.357,0.361,
0.303,0.364,0.312,0.328,0.351,0.342,0.303,nan,0.420,0.299,
0.353,0.325,nan,0.359,0.330,0.341,0.321,0.344,0.325,0.289,
0.317,0.250,0.625,0.304,0.271,0.312,0.380,0.438,0.349,0.329,
0.250,0.320,nan,0.344,0.349,0.375,0.250,0.292,0.309,0.350,
