0.281,0.342,0.325,0.297,0.350,0.326,0.312,0.375,nan,nan,
0.293,0.375,0.625,0.344,0.326,0.333,0.322,0.406,0.375,0.333,
0.354,0.375,nan,nan,0.381,0.562,0.324,0.368,0.345,0.362,
nan,nan,nan,nan,0.375,0.306,0.250,0.375,0.321,0.339,
0.325,nan,nan,0.344,0.302,0.250,nan,0.281,0.333,0.305,
0.336,0.188,nan,0.406,0.344,0.321,nan,nan,0.287,0.346,
0.371,nan,0.375,0.351,0.403,0.357,0.357,0.306,0.324,0.279,
0.281,0.422,0.388,0.328,0.296,0.276,0.350,0.337,0.356,0.365,
0.309,0.250,0.342,0.384,0.266,0.354,0.318,0.299,0.354,0.344,
0.361,0.375,0.354,0.357,0.431,0.363,0.344,0.308,0.312,nan,
