nan,nan,0.271,0.438,0.320,0.375,0.319,0.188,0.312,0.438,
nan,0.250,0.312,0.328,0.338,0.358,0.396,0.354,0.375,0.350,
0.312,0.188,0.250,0.335,0.336,0.341,nan,0.438,0.312,0.250,
0.298,0.368,0.312,0.333,0.322,0.281,0.281,0.350,0.309,0.281,
0.321,0.307,0.396,0.368,0.331,0.275,0.372,0.331,0.354,0.369,
0.339,0.328,nan,0.318,0.301,0.281,0.353,0.329,0.347,0.330,
0.400,nan,0.312,0.385,0.417,0.340,0.299,0.308,0.312,0.332,
0.312,nan,0.375,0.375,nan,0.375,0.312,0.350,0.375,0.287,
nan,nan,0.264,0.339,0.367,0.295,0.302,0.367,0.281,0.422,
0.281,nan,0.375,0.312,0.333,0.531,0.312,0.302,0.360,0.375,
