0.287,0.312,0.319,0.378,0.312,0.391,0.417,0.438,nan,0.500,
nan,0.385,0.353,0.326,0.406,0.367,0.375,0.250,nan,0.292,
0.336,0.323,0.354,0.250,nan,0.312,0.396,nan,nan,0.323,
0.156,0.328,0.330,nan,nan,0.375,0.500,nan,0.422,0.500,
0.375,nan,0.312,0.446,0.438,nan,nan,0.412,0.330,0.342,
0.297,0.297,0.417,0.305,0.324,0.188,0.188,0.330,0.307,0.417,
0.339,0.320,0.378,0.314,0.281,0.219,0.250,0.280,0.339,0.296,
0.369,0.325,0.307,0.380,0.350,0.333,nan,0.312,0.318,0.333,
0.350,0.438,0.297,0.250,0.250,nan,nan,nan,0.188,0.333,
0.286,nan,0.370,0.375,0.188,0.375,nan,0.562,0.344,nan,
