nan,0.375,0.344,0.219,0.288,nan,0.336,0.295,0.266,0.275,
0.281,0.354,0.366,nan,0.375,0.375,0.328,0.344,nan,0.359,
0.328,0.333,nan,0.335,0.326,0.300,0.312,0.438,0.323,0.438,
nan,nan,0.312,0.333,0.312,0.328,0.270,0.295,0.361,0.500,
0.302,nan,0.309,0.318,0.325,0.316,0.340,0.355,0.323,0.375,
0.438,nan,0.342,0.339,0.340,0.318,0.344,0.295,0.325,nan,
0.304,0.312,nan,0.295,0.299,0.329,0.271,0.344,0.318,0.422,
0.372,0.312,nan,0.250,0.266,0.375,0.391,0.312,0.312,0.323,
0.332,0.438,nan,nan,nan,nan,0.312,nan,0.344,0.340,
0.250,0.266,0.375,nan,0.562,nan,nan,0.438,0.319,0.352,
