nan,99.429,116.727,112.125,0.000,117.000,182.000,0.000,nan,nan,
193.500,114.176,97.800,80.471,162.947,115.000,64.500,163.500,33.000,0.000,
94.800,116.118,39.000,57.000,175.800,62.800,0.000,93.700,127.235,137.250,
nan,95.438,58.500,122.077,169.500,144.000,70.000,144.800,106.364,192.000,
189.000,nan,115.765,129.333,162.158,0.000,0.000,193.565,147.396,117.923,
219.000,nan,131.143,131.264,113.591,97.500,0.000,108.300,101.100,228.000,
102.600,0.000,0.000,180.000,85.636,nan,257.400,0.000,nan,127.000,
89.000,158.250,153.857,86.286,80.500,0.000,47.000,134.333,198.000,175.000,
77.182,37.500,nan,266.000,0.000,0.000,183.000,70.800,66.000,95.077,
183.000,nan,79.636,92.571,58.000,110.211,119.812,59.571,0.000,134.200,
