nan,0.335,0.353,0.333,0.516,nan,0.319,0.299,0.379,nan,
nan,0.194,0.338,0.346,0.344,nan,nan,nan,0.342,nan,
0.306,0.342,0.258,0.387,0.335,nan,nan,nan,nan,0.323,
0.343,0.341,0.345,0.403,0.312,0.312,nan,nan,nan,0.371,
0.318,0.336,0.331,0.346,0.323,0.355,0.194,0.258,0.290,0.306,
0.339,0.334,0.360,0.332,0.298,0.226,0.363,0.419,0.194,0.340,
0.306,0.320,0.322,0.321,0.345,0.298,0.312,0.317,0.297,0.339,
0.331,0.332,0.340,0.387,0.336,0.334,0.258,0.344,0.313,0.309,
0.326,0.339,0.333,nan,nan,0.346,0.330,0.327,0.368,0.352,
0.330,0.226,0.362,0.355,0.419,0.373,0.355,0.355,nan,0.355,
