nan,nan,nan,nan,nan,nan,0.393,0.344,0.281,0.375,
0.375,0.188,nan,nan,nan,0.250,0.366,0.299,0.367,0.188,
0.330,0.281,0.388,nan,nan,0.500,0.347,0.354,0.290,0.331,
nan,0.312,0.281,0.344,0.469,0.281,0.312,0.304,0.315,0.350,
0.312,0.329,0.287,0.306,0.375,0.406,0.340,0.303,0.312,0.406,
0.344,0.375,0.362,0.302,0.328,0.357,0.346,0.438,0.266,0.318,
0.396,0.337,0.344,0.316,0.317,0.342,0.338,0.281,0.375,0.335,
0.302,0.375,0.304,0.320,0.344,0.349,0.328,0.344,nan,0.250,
0.312,nan,0.375,0.324,0.353,0.312,0.327,0.334,0.341,nan,
nan,nan,nan,0.438,0.297,0.375,0.333,0.287,0.347,0.362,
