nan,nan,0.333,0.375,nan,nan,nan,0.379,0.338,nan,
nan,nan,0.250,0.320,0.438,nan,nan,0.396,0.310,nan,
nan,nan,nan,0.438,0.406,nan,0.562,0.331,nan,nan,
0.354,0.387,0.375,0.247,0.375,nan,nan,nan,0.422,nan,
0.250,0.330,0.400,0.330,0.275,0.281,0.349,0.328,0.312,0.188,
0.337,0.347,0.290,0.312,0.277,0.333,0.346,0.328,nan,0.412,
0.321,0.356,0.356,0.336,0.312,0.344,0.312,0.375,0.375,0.338,
0.351,0.279,0.350,0.344,0.295,0.287,0.250,0.333,0.350,0.338,
0.339,0.125,0.328,0.348,0.309,0.339,0.327,0.312,0.344,0.333,
0.312,0.333,0.312,0.375,0.188,0.250,0.337,0.320,0.208,nan,
