nan,140.000,192.450,165.900,0.000,129.000,164.538,216.000,0.000,nan,
225.000,159.643,119.743,139.125,99.300,92.538,99.000,159.529,147.000,0.000,
3.000,173.333,143.400,249.000,123.900,117.200,0.000,0.000,0.000,126.500,
109.000,78.800,83.800,0.000,99.000,87.000,nan,115.500,138.783,91.000,
96.000,12.000,0.000,156.900,151.000,0.000,nan,73.333,114.000,282.000,
16.000,0.000,129.900,153.000,207.188,0.000,nan,191.182,128.143,73.000,
136.380,144.429,114.429,238.000,414.000,0.000,229.500,127.667,0.000,81.500,
104.375,38.727,59.100,125.143,111.429,108.632,309.000,132.000,nan,49.286,
101.182,89.062,78.000,62.000,0.000,82.000,0.000,0.000,288.000,125.700,
96.857,72.000,157.737,180.500,136.250,59.000,0.000,171.000,0.000,169.500,
