nan,nan,nan,0.312,nan,nan,0.338,0.389,nan,nan,
nan,nan,nan,nan,nan,nan,0.125,0.400,0.396,0.500,
nan,nan,0.406,0.188,nan,nan,0.295,0.340,0.250,0.438,
nan,0.281,0.371,0.359,0.375,nan,nan,0.333,0.318,0.326,
0.312,0.357,0.366,0.333,0.362,0.366,0.344,0.337,0.336,0.188,
0.299,0.369,0.334,0.325,0.351,0.292,0.375,0.250,0.312,0.344,
0.344,0.347,0.352,0.334,0.388,0.219,nan,nan,0.325,0.344,
0.314,0.278,0.327,0.280,0.329,0.266,0.333,nan,0.312,0.333,
0.331,nan,0.308,0.358,0.312,0.333,0.312,0.346,0.317,0.344,
nan,nan,0.583,0.271,0.292,0.375,0.322,0.306,0.333,0.281,
