nan,nan,nan,nan,nan,0.322,0.188,0.292,nan,0.259,
0.325,0.375,nan,nan,0.339,0.289,0.305,nan,nan,0.438,
0.339,nan,nan,0.219,0.300,0.344,0.364,0.359,0.347,nan,
0.302,nan,0.417,0.312,0.292,0.347,0.328,0.338,0.385,0.312,
0.401,0.344,0.375,0.380,0.394,0.357,0.359,0.356,0.359,0.406,
0.321,0.354,0.369,0.305,0.358,0.378,0.304,0.347,0.355,0.341,
nan,0.353,0.358,0.342,0.334,0.344,0.299,0.330,0.346,0.289,
0.375,0.341,0.250,0.438,0.367,0.292,nan,0.344,0.331,nan,
0.375,nan,nan,nan,nan,0.500,0.375,0.406,0.344,nan,
nan,nan,nan,nan,nan,nan,0.312,0.287,0.333,0.375,
