0.312,0.375,0.312,0.354,0.356,0.438,0.359,nan,nan,0.359,
0.344,0.348,0.330,0.350,0.312,0.326,0.375,0.312,0.250,0.333,
0.289,0.273,0.275,nan,0.359,0.312,0.250,0.354,0.300,0.500,
0.292,0.330,0.375,0.321,0.329,0.368,0.344,0.326,0.347,0.388,
0.350,nan,0.297,0.348,0.361,nan,0.375,0.346,0.328,0.296,
0.298,0.406,0.301,0.331,0.318,0.302,0.406,0.328,0.355,0.250,
0.340,0.312,0.188,0.321,0.375,0.333,0.297,nan,0.438,0.375,
0.500,0.275,0.125,0.281,nan,nan,0.500,0.312,0.375,0.328,
0.396,0.438,nan,0.375,0.375,0.292,0.284,nan,0.344,0.354,
0.327,0.234,0.375,0.344,0.312,0.250,0.299,0.125,0.375,0.357,
