nan,nan,nan,nan,nan,nan,133.000,100.000,88.714,nan,
0.000,nan,nan,nan,nan,0.000,173.192,119.769,106.500,nan,
132.000,171.000,123.000,nan,nan,nan,141.857,0.000,151.800,169.200,
nan,177.000,0.000,14.000,153.000,nan,129.300,225.000,203.667,78.000,
97.000,148.304,65.500,146.250,65.000,0.000,135.231,94.000,0.000,100.200,
149.800,123.857,136.545,89.438,147.975,137.100,102.111,45.857,161.250,147.115,
214.588,165.667,73.429,115.083,147.353,79.600,114.214,66.000,64.800,112.250,
164.250,nan,157.091,140.500,77.250,132.130,0.000,88.200,78.500,0.000,
0.000,nan,nan,123.900,166.364,3.500,137.400,115.355,158.538,48.000,
nan,nan,nan,nan,153.000,nan,159.857,0.000,219.000,93.333,
