nan,nan,nan,nan,nan,0.344,0.271,0.293,0.319,0.281,
0.438,nan,nan,nan,0.396,0.357,0.362,0.297,0.263,nan,
0.347,0.312,nan,0.312,0.344,0.340,0.274,nan,0.382,nan,
0.294,0.289,0.412,nan,nan,0.292,0.287,0.384,0.333,0.312,
0.312,nan,0.308,0.306,0.219,0.312,0.350,0.321,0.325,0.344,
0.328,0.330,0.328,0.302,0.346,0.356,0.355,0.330,0.312,0.312,
0.375,0.362,0.291,0.346,0.329,0.336,0.303,0.333,0.328,0.307,
0.594,0.304,0.312,0.344,0.380,0.324,0.188,0.306,0.338,0.188,
nan,nan,nan,0.500,0.250,0.312,nan,0.312,0.312,nan,
nan,nan,nan,nan,nan,nan,0.375,0.335,0.338,0.348,
