0.361,0.316,0.346,0.392,nan,0.355,nan,nan,0.274,0.334,
0.310,0.302,0.318,0.315,nan,0.346,nan,nan,0.323,0.303,
0.366,0.318,0.309,0.371,nan,0.387,nan,0.419,0.348,0.371,
0.355,0.364,0.290,nan,0.306,0.312,0.361,0.355,0.361,0.298,
0.355,0.335,0.419,0.310,nan,0.226,0.365,0.329,0.385,0.258,
0.353,0.324,0.334,0.320,0.362,nan,0.387,0.419,0.338,0.350,
0.374,0.337,0.330,0.324,0.269,0.360,nan,0.361,0.365,0.355,
0.301,0.355,0.362,0.335,nan,0.419,0.329,0.334,0.329,0.274,
0.323,0.419,0.323,nan,nan,nan,0.387,0.376,0.333,0.350,
0.344,0.366,0.371,0.316,nan,nan,nan,0.419,0.330,0.332,
