0.316,0.334,0.344,0.333,nan,nan,nan,nan,0.250,0.356,
0.396,0.337,0.350,0.353,0.438,0.385,nan,nan,0.271,nan,
0.419,0.332,0.300,0.281,nan,0.328,0.188,0.375,0.342,0.406,
0.422,nan,nan,nan,0.328,0.366,0.292,0.266,0.396,0.302,
0.315,0.318,nan,nan,nan,0.281,0.354,0.351,0.261,0.375,
0.315,0.334,0.320,0.335,0.375,nan,nan,0.375,0.385,0.317,
0.393,0.317,0.324,0.365,0.438,0.354,0.312,0.366,0.295,0.339,
0.336,0.302,0.355,0.304,0.188,0.500,0.358,0.318,0.319,0.438,
0.396,nan,0.335,0.500,nan,nan,0.325,0.352,0.172,0.438,
0.359,0.281,0.394,0.292,nan,nan,nan,0.250,0.312,0.321,
