nan,nan,nan,nan,nan,0.313,0.387,0.430,nan,0.369,
0.361,0.355,nan,nan,0.369,0.337,0.315,nan,nan,0.387,
0.336,nan,nan,0.331,0.352,0.335,0.284,0.375,0.372,nan,
0.349,nan,0.387,0.314,0.430,0.346,0.375,0.326,0.355,0.339,
0.304,0.323,0.468,0.285,0.342,0.309,0.343,0.327,0.298,0.290,
0.325,0.344,0.347,0.336,0.312,0.335,0.348,0.321,0.349,0.339,
nan,0.311,0.314,0.338,0.322,0.316,0.362,0.346,0.317,0.310,
0.319,0.355,0.387,0.419,0.351,0.355,nan,0.290,0.348,nan,
0.333,nan,nan,nan,nan,0.161,0.323,0.363,0.371,nan,
nan,nan,nan,nan,nan,nan,0.323,0.342,0.321,0.253,
