nan,nan,nan,nan,nan,0.000,0.000,84.750,56.000,0.000,
nan,nan,nan,nan,nan,278.000,102.375,102.000,186.375,0.000,
151.750,101.118,nan,nan,0.000,nan,211.800,27.000,72.818,119.769,
0.000,40.000,49.200,187.000,288.000,255.000,81.353,104.143,123.273,3.000,
91.154,115.655,161.500,122.455,76.909,190.200,183.000,157.935,175.800,155.200,
58.125,101.581,151.000,141.621,131.029,122.538,145.125,62.400,143.625,100.565,
182.000,44.727,104.769,169.375,52.541,102.391,69.207,96.000,189.000,72.500,
147.000,210.750,133.364,91.629,121.286,107.538,64.000,12.000,0.000,0.000,
nan,nan,205.500,189.818,91.385,64.000,141.000,115.200,51.000,nan,
nan,nan,0.000,78.273,117.600,nan,145.000,189.500,233.250,153.375,
