0.362,0.258,0.352,0.370,0.375,0.250,nan,0.271,nan,nan,
0.188,0.396,0.329,0.318,0.312,0.375,0.342,0.188,nan,0.375,
0.250,0.371,0.332,0.297,0.250,0.338,0.354,nan,0.375,0.307,
0.312,0.352,0.327,0.375,0.312,0.406,nan,0.250,0.375,0.346,
0.281,nan,nan,0.419,0.396,nan,nan,0.422,0.357,0.344,
0.317,0.375,0.188,0.327,0.322,0.312,nan,0.344,0.319,0.330,
0.344,0.359,0.340,0.306,0.341,0.450,0.438,0.346,0.384,0.333,
0.312,0.286,0.312,0.331,0.298,0.323,nan,0.250,0.330,0.326,
0.368,0.500,0.344,0.375,0.375,nan,0.312,0.295,0.312,0.375,
0.344,0.500,0.310,0.276,0.344,nan,nan,0.292,0.312,0.438,
