nan,nan,nan,nan,0.250,0.250,0.384,0.368,0.328,0.344,
0.188,nan,nan,nan,0.259,0.323,0.316,0.263,0.312,nan,
0.290,0.339,nan,0.400,0.327,0.347,0.333,nan,0.354,nan,
0.356,0.391,0.562,0.479,nan,0.375,0.330,0.338,0.341,0.406,
0.234,0.333,0.378,0.369,0.287,0.375,0.292,0.328,0.319,0.318,
0.336,0.359,0.345,0.321,0.336,0.286,0.310,0.301,0.299,0.286,
0.326,0.429,0.373,0.409,0.304,0.342,0.359,0.326,0.375,0.315,
nan,0.375,0.326,0.304,0.365,0.328,0.229,0.250,0.375,nan,
nan,nan,nan,0.188,0.295,0.344,0.388,0.347,0.312,0.391,
nan,nan,nan,nan,0.312,0.375,0.356,0.302,0.318,0.368,
