0.325,0.277,0.375,0.328,0.317,0.328,0.372,0.286,nan,0.354,
0.362,0.328,0.317,0.331,0.333,0.351,0.378,nan,0.312,nan,
0.375,0.312,0.333,0.333,0.281,0.320,0.375,0.391,0.312,nan,
0.375,nan,0.375,0.287,0.357,0.271,0.297,nan,0.330,0.250,
0.250,0.125,0.375,0.311,0.310,0.333,0.328,0.348,0.380,0.312,
0.312,nan,0.352,0.326,0.351,0.319,0.330,0.289,0.438,0.344,
0.354,0.346,0.250,0.349,0.307,0.333,0.312,0.359,0.348,0.325,
0.319,0.323,nan,0.250,0.396,0.417,0.438,0.375,nan,0.312,
0.375,0.406,nan,0.312,0.375,nan,0.500,nan,0.312,0.328,
0.369,0.357,0.438,nan,0.250,nan,0.234,nan,0.305,0.304,
