39.000,0.000,156.000,nan,115.286,58.200,87.333,111.857,447.000,70.000,
91.000,225.000,339.000,nan,0.000,152.893,38.000,151.500,0.000,342.000,
218.400,nan,0.000,151.125,141.833,144.938,0.000,345.000,218.000,93.333,
nan,nan,0.000,114.429,134.864,92.400,120.882,171.000,185.000,65.400,
201.000,nan,112.286,106.630,115.163,162.000,131.842,114.000,115.862,90.167,
nan,0.000,148.071,109.111,135.900,102.457,184.364,300.000,123.333,0.000,
144.000,128.250,nan,114.783,101.300,131.040,7.000,186.000,115.143,97.286,
121.950,61.333,0.000,42.000,81.429,93.000,180.750,0.000,nan,93.750,
255.000,0.000,nan,nan,nan,nan,nan,nan,0.000,158.714,
92.400,143.000,nan,nan,0.000,nan,nan,2.400,150.818,158.333,
