nan,0.325,0.368,0.271,0.188,nan,0.367,0.343,0.297,nan,
nan,0.469,0.312,0.321,0.396,nan,nan,nan,0.287,nan,
0.325,0.338,0.458,0.328,0.388,nan,nan,nan,nan,0.469,
0.312,0.333,0.316,0.266,0.417,0.354,nan,nan,nan,0.219,
0.332,0.336,0.328,0.366,0.375,0.250,0.312,0.281,0.250,0.344,
0.339,0.358,0.319,0.287,0.359,0.438,0.328,0.375,0.250,0.380,
0.297,0.354,0.329,0.321,0.332,0.422,0.250,0.301,0.294,0.359,
0.312,0.357,0.250,0.250,0.344,0.314,0.438,0.323,0.362,0.336,
0.319,0.250,0.365,nan,nan,0.337,0.368,0.379,0.362,0.392,
0.326,0.562,0.337,0.359,0.125,0.295,0.250,0.438,nan,0.312,
