0.344,0.250,0.219,nan,0.321,0.237,0.375,0.300,0.299,0.281,
0.250,0.367,0.380,nan,0.321,0.303,0.188,0.281,nan,0.312,
0.264,0.281,nan,0.344,0.348,0.308,0.375,0.286,0.396,0.406,
0.354,nan,0.344,0.330,0.345,0.326,0.346,0.304,0.281,nan,
0.330,0.250,0.250,0.321,0.337,0.329,0.333,0.326,0.301,0.321,
0.312,nan,0.333,0.329,0.313,0.317,0.329,0.359,0.379,nan,
0.325,0.348,0.250,0.268,0.325,0.289,0.344,0.297,0.312,0.354,
0.378,0.281,nan,0.250,0.344,0.312,0.427,nan,0.406,0.350,
0.297,0.188,nan,nan,nan,nan,nan,nan,0.322,0.351,
0.300,0.469,0.312,nan,0.229,nan,0.562,0.354,0.361,0.361,
