0.336,0.324,0.312,0.349,0.375,0.312,nan,nan,0.286,0.333,
0.438,0.336,0.364,0.295,nan,0.347,0.250,0.562,0.325,0.271,
0.378,0.285,0.321,0.312,nan,0.312,0.281,0.350,0.393,0.285,
0.438,0.293,0.250,nan,0.417,0.370,0.362,0.250,0.292,0.234,
0.375,0.344,0.365,0.333,nan,0.438,0.341,0.338,0.352,0.328,
0.291,0.334,0.336,0.313,0.312,0.438,nan,0.328,0.321,0.320,
0.347,0.317,0.283,0.284,0.289,nan,0.312,0.333,0.312,0.344,
0.300,0.289,0.375,0.306,0.500,0.344,0.312,0.340,nan,0.229,
0.320,nan,0.531,0.281,nan,nan,nan,0.359,0.240,0.349,
0.328,0.312,0.354,0.312,nan,nan,nan,nan,0.312,0.285,
