0.331,0.406,0.341,0.310,0.375,0.281,nan,0.292,nan,nan,
0.438,0.279,0.346,0.353,0.188,0.321,0.342,0.250,nan,0.312,
0.212,0.344,0.320,0.328,0.250,0.338,0.333,nan,0.188,0.339,
0.344,0.290,0.381,0.188,0.312,0.312,nan,0.469,0.438,0.284,
0.250,nan,nan,0.356,0.354,nan,nan,0.219,0.320,0.266,
0.379,0.354,0.312,0.314,0.361,0.297,nan,0.328,0.349,0.348,
0.281,0.355,0.307,0.366,0.293,0.263,0.312,0.358,0.363,0.354,
0.312,0.312,0.312,0.338,0.346,0.417,nan,0.469,0.354,0.332,
0.292,0.312,0.359,0.375,0.438,nan,0.429,0.357,0.250,0.438,
0.344,0.188,0.341,0.302,0.344,nan,nan,0.323,0.188,0.250,
