0.250,nan,nan,nan,0.250,0.362,0.281,0.188,0.391,0.354,
0.375,nan,nan,0.344,0.347,0.317,0.330,0.281,0.438,nan,
0.371,0.312,nan,0.412,0.366,0.310,0.359,0.271,0.401,0.250,
0.306,0.281,0.333,0.344,0.438,0.300,0.302,0.338,0.333,nan,
0.326,0.188,0.330,0.338,0.327,0.229,0.348,0.328,0.337,0.396,
0.307,0.250,0.352,0.306,0.357,0.339,0.285,0.353,0.391,0.365,
0.340,0.359,0.375,0.346,0.346,0.310,0.292,0.379,0.382,0.347,
0.385,0.300,nan,nan,0.369,0.372,0.273,nan,0.344,0.312,
0.325,nan,nan,nan,0.375,0.292,0.328,0.325,0.331,0.381,
0.625,nan,nan,nan,nan,nan,0.375,0.319,0.319,0.397,
