0.263,0.322,0.297,0.326,0.375,0.312,0.375,nan,0.287,0.346,
nan,0.333,0.318,0.338,0.500,0.365,0.321,0.438,0.287,0.250,
0.353,0.275,0.393,0.333,0.250,0.324,0.396,0.292,0.351,0.375,
nan,0.359,0.312,0.375,0.281,0.364,0.354,0.339,0.325,nan,
0.375,0.316,0.344,0.242,0.188,0.347,0.293,0.364,0.346,0.500,
0.372,0.342,0.319,0.312,0.324,0.188,0.156,0.512,0.287,0.324,
0.319,0.358,0.346,0.309,0.367,nan,0.438,0.359,0.307,0.399,
0.312,0.344,0.300,0.287,0.406,nan,0.375,0.406,0.375,0.312,
0.328,nan,0.427,nan,nan,nan,nan,0.333,0.406,0.219,
0.372,0.250,0.347,0.375,nan,nan,nan,0.438,0.308,0.332,
