nan,0.330,0.319,0.383,0.219,0.307,nan,0.333,0.406,nan,
nan,0.324,0.324,0.292,0.280,0.258,0.438,0.438,0.406,0.312,
0.330,0.325,0.293,0.344,0.325,0.360,nan,nan,0.250,0.356,
0.341,0.333,0.332,0.312,0.295,0.229,nan,0.438,0.125,0.324,
0.368,0.343,0.279,0.366,nan,0.308,0.297,0.323,0.271,0.125,
0.234,0.312,0.274,0.400,0.319,0.188,0.293,0.329,0.322,nan,
0.250,0.352,0.375,0.365,0.320,0.289,0.360,0.331,0.287,0.469,
nan,0.338,nan,0.344,0.320,0.156,0.343,0.371,0.338,nan,
0.369,0.125,nan,0.284,nan,0.500,0.281,0.406,0.312,0.188,
0.250,0.297,0.275,0.312,nan,nan,nan,0.250,nan,0.250,
