0.306,nan,0.313,0.355,0.371,0.355,nan,0.298,nan,0.333,
0.269,0.242,0.306,0.344,0.363,0.357,0.331,0.323,nan,nan,
0.343,0.346,0.347,0.300,0.339,0.310,nan,nan,nan,0.320,
0.321,0.331,0.342,0.344,0.325,0.324,0.242,nan,0.484,0.266,
0.333,0.323,0.326,0.355,0.311,0.306,nan,0.355,nan,0.288,
0.301,0.359,0.326,0.329,0.340,0.258,0.318,0.362,nan,0.355,
0.312,0.288,0.325,0.340,0.327,0.398,0.287,0.337,0.339,0.336,
0.387,0.258,0.323,0.335,0.304,0.295,0.226,0.286,0.339,nan,
0.337,0.349,0.246,0.403,0.258,0.387,0.303,0.313,0.298,0.323,
0.331,0.344,0.355,0.419,nan,nan,nan,0.347,0.419,0.339,
