0.302,0.326,0.310,0.312,nan,0.312,nan,0.312,0.188,0.341,
0.391,0.322,0.322,0.344,0.188,0.370,0.375,nan,nan,0.250,
0.350,0.354,0.266,0.281,0.281,0.293,nan,nan,0.250,0.250,
nan,0.297,0.312,nan,nan,0.328,0.188,0.312,nan,nan,
0.362,0.296,nan,0.438,nan,0.400,0.250,0.335,0.375,0.367,
0.312,0.333,0.344,0.387,0.301,0.271,0.300,0.438,0.352,0.299,
0.348,0.327,0.292,0.351,0.391,0.277,0.359,0.339,0.345,0.382,
0.344,0.375,0.398,0.250,0.348,0.450,0.274,0.333,0.292,0.375,
0.500,nan,0.188,nan,0.188,nan,0.287,0.359,0.320,0.188,
0.322,0.330,0.366,0.344,nan,nan,nan,0.406,0.379,0.331,
