nan,0.335,0.343,0.336,0.312,0.348,0.292,0.344,nan,0.219,
nan,0.400,0.326,0.318,0.188,0.229,0.344,nan,nan,0.339,
0.562,0.338,0.352,0.299,nan,0.156,0.438,nan,nan,0.312,
nan,0.333,0.355,0.188,0.406,0.359,0.352,nan,0.562,0.250,
nan,nan,0.354,0.342,0.312,0.167,0.438,0.229,0.356,0.312,
0.350,nan,0.438,0.331,0.316,0.292,nan,0.266,0.361,0.341,
0.352,0.292,0.365,0.259,0.297,0.281,0.375,0.317,0.338,0.312,
0.250,0.287,0.303,0.299,0.350,0.417,nan,0.312,0.250,0.330,
0.333,0.281,0.295,0.391,0.312,nan,0.305,0.333,0.406,0.309,
0.318,0.309,0.373,0.396,nan,nan,nan,0.322,0.319,0.333,
