nan,0.349,0.299,0.188,0.330,0.322,0.250,nan,0.312,0.188,
0.094,0.335,0.333,0.380,0.359,0.326,0.369,0.375,0.375,nan,
0.396,0.375,0.354,0.320,0.336,0.339,0.188,nan,nan,nan,
0.308,0.342,0.333,0.305,0.250,0.336,0.500,nan,0.333,0.331,
0.319,0.308,0.320,0.284,0.281,0.315,0.292,0.284,0.375,0.391,
0.361,0.311,0.332,0.320,nan,0.354,0.381,0.350,0.312,0.344,
nan,0.359,0.312,0.284,0.331,0.375,0.356,0.326,0.329,0.312,
0.406,0.263,0.062,0.370,0.330,0.309,0.322,0.309,0.292,nan,
0.290,0.438,0.125,0.300,0.406,0.271,0.381,0.320,0.250,0.312,
0.188,0.500,0.328,0.312,nan,0.391,nan,nan,0.281,0.290,
