0.435,0.343,0.337,0.305,0.387,nan,0.355,0.355,0.290,nan,
0.306,0.296,0.318,0.340,nan,0.319,0.351,nan,nan,nan,
0.290,0.333,0.331,0.361,0.323,0.327,0.349,nan,0.226,0.320,
0.339,0.339,0.329,0.319,0.290,0.306,0.290,nan,0.355,0.342,
0.312,nan,0.323,0.405,nan,0.323,nan,0.395,0.289,0.295,
0.314,0.355,0.295,0.334,0.337,0.250,nan,0.258,0.337,0.283,
0.339,0.305,0.300,0.337,0.339,0.290,0.258,0.328,0.292,0.323,
nan,0.341,0.310,0.379,0.326,nan,nan,0.387,0.307,0.382,
0.329,nan,0.319,0.353,0.290,nan,0.316,0.430,0.331,0.342,
0.403,0.306,0.319,0.272,nan,nan,nan,0.340,0.306,0.387,
