118.200,184.714,214.125,141.000,107.077,149.250,153.120,122.750,nan,104.500,
189.600,104.250,128.786,110.400,103.500,175.615,112.680,nan,186.000,nan,
109.333,96.400,60.333,236.000,117.000,136.182,9.000,93.750,174.000,nan,
87.000,nan,299.000,108.000,157.286,37.333,117.000,nan,126.273,0.000,
118.000,0.000,125.250,141.155,125.111,92.800,139.800,101.143,152.125,166.200,
154.000,nan,81.375,147.776,123.375,136.737,114.000,151.875,95.250,140.000,
121.000,75.692,0.000,129.828,107.571,84.667,0.000,67.500,97.714,189.600,
185.793,75.167,nan,0.000,73.667,70.000,160.800,0.000,nan,0.000,
183.000,21.000,nan,0.000,12.000,nan,0.000,nan,0.000,209.250,
120.600,141.857,0.000,nan,0.000,nan,0.000,nan,204.375,127.541,
