0.188,0.188,0.312,0.281,0.312,0.317,0.365,0.355,0.375,0.321,
0.344,0.300,0.396,nan,0.271,0.360,0.400,0.325,0.281,0.292,
0.384,0.359,0.438,0.324,0.344,0.332,nan,nan,0.336,0.396,
nan,nan,nan,0.361,0.321,0.333,0.375,0.417,0.320,0.312,
0.312,nan,0.387,0.346,0.351,0.371,0.315,0.295,0.329,0.321,
0.300,0.500,0.351,0.327,0.347,0.324,0.332,0.375,0.281,0.328,
0.339,0.411,0.354,0.335,0.311,0.354,0.344,0.312,0.365,0.326,
0.319,0.333,nan,0.438,0.375,0.250,0.375,nan,nan,0.354,
0.417,0.312,nan,nan,nan,nan,nan,nan,nan,0.310,
0.256,0.375,nan,nan,0.344,nan,nan,0.188,0.375,0.332,
