nan,0.368,0.332,0.305,nan,0.375,0.319,0.275,nan,nan,
0.438,0.335,0.367,0.319,0.350,0.383,0.333,0.338,0.312,nan,
nan,0.344,0.354,0.365,0.289,0.245,0.375,0.333,0.463,0.375,
0.366,0.357,0.352,0.412,0.375,0.300,nan,0.188,0.315,0.292,
0.312,nan,0.375,0.369,0.325,nan,nan,0.354,0.345,0.356,
0.292,0.438,0.292,0.352,0.349,0.344,nan,0.284,0.290,0.375,
0.337,0.312,0.250,0.391,0.281,0.219,0.344,0.346,0.438,0.336,
0.338,0.297,0.219,0.303,0.338,0.306,0.312,0.292,nan,0.281,
0.300,0.305,0.500,0.375,nan,0.417,nan,0.354,0.297,0.292,
0.297,0.266,0.354,0.311,0.333,nan,0.188,0.352,nan,0.362,
