nan,89.250,99.875,222.000,203.571,96.222,243.000,nan,245.143,0.000,
0.000,117.545,162.500,89.308,123.500,115.000,195.300,0.000,168.000,nan,
117.667,0.000,45.000,119.625,134.172,92.057,0.000,nan,nan,nan,
134.000,106.059,159.088,129.750,132.000,143.625,0.000,nan,158.000,115.200,
127.500,127.138,108.088,90.231,0.000,152.000,55.000,121.091,197.571,159.000,
107.769,158.700,72.462,158.438,nan,212.000,78.545,77.040,106.200,166.500,
nan,86.250,0.000,140.308,73.200,117.000,131.769,125.143,191.087,0.000,
102.000,135.000,0.000,131.500,170.520,142.500,153.316,181.875,149.000,nan,
138.000,0.000,0.000,207.000,135.000,180.000,90.714,94.500,390.000,138.000,
0.000,0.000,48.750,63.000,nan,40.500,nan,nan,15.000,166.714,
