0.336,0.316,0.353,0.354,nan,0.330,0.312,0.375,0.375,nan,
0.500,0.359,0.312,0.288,0.375,0.382,nan,nan,nan,nan,
0.324,0.350,0.350,0.344,0.377,0.307,0.312,nan,nan,0.312,
0.335,0.324,0.327,0.469,0.304,0.312,0.438,0.125,nan,0.297,
0.344,0.351,0.340,0.271,0.391,0.312,0.375,0.293,nan,0.375,
0.417,0.316,0.309,0.344,0.461,0.312,0.281,0.328,0.286,0.312,
nan,0.385,0.385,0.312,0.293,0.323,0.341,0.340,0.312,0.312,
nan,0.312,0.333,0.302,0.344,0.354,0.325,0.324,0.357,nan,
0.362,nan,nan,0.375,0.362,0.438,0.333,0.320,0.375,0.312,
0.281,0.328,0.263,0.391,0.250,nan,0.500,0.312,0.312,0.281,
