nan,nan,nan,nan,nan,0.328,0.396,0.375,0.350,0.344,
0.375,nan,nan,nan,0.250,0.349,0.281,0.328,0.375,nan,
0.361,0.500,nan,0.312,0.375,0.332,0.423,nan,0.278,nan,
0.325,0.289,0.287,nan,nan,0.375,0.388,0.312,0.302,0.250,
0.350,nan,0.361,0.333,0.391,0.357,0.368,0.307,0.344,0.344,
0.359,0.339,0.340,0.378,0.294,0.394,0.338,0.315,0.342,0.368,
0.312,0.293,0.372,0.365,0.331,0.346,0.331,0.319,0.273,0.358,
0.250,0.330,0.562,0.281,0.328,0.369,0.438,0.319,0.362,0.438,
nan,nan,nan,0.188,0.438,0.344,nan,0.319,0.338,nan,
nan,nan,nan,nan,nan,nan,0.312,0.350,0.341,0.295,
