0.371,0.331,0.346,0.348,0.403,0.400,0.344,0.341,0.323,0.371,
0.323,0.325,0.333,0.365,0.258,0.287,0.319,0.333,nan,0.274,
0.333,0.355,0.344,nan,0.403,0.344,0.317,nan,0.242,0.400,
0.336,0.343,0.325,0.290,nan,0.290,0.333,nan,0.303,0.361,
0.344,nan,0.419,0.326,0.419,nan,0.290,0.317,0.338,0.312,
0.314,nan,0.355,0.330,0.344,nan,0.290,0.332,0.379,0.373,
0.314,0.364,0.332,0.361,0.358,0.317,0.419,0.339,0.339,0.321,
0.332,0.311,0.330,0.350,0.323,0.355,0.258,0.333,0.328,0.341,
0.334,0.329,0.266,0.271,0.323,nan,nan,nan,0.290,0.274,
nan,0.258,0.326,0.319,nan,0.323,0.339,nan,0.355,nan,
