0.346,0.296,0.339,0.328,0.250,0.329,0.281,nan,0.333,0.310,
0.375,0.366,0.307,0.348,0.281,0.352,0.302,0.333,0.318,0.312,
0.328,0.326,0.306,0.366,0.438,0.367,0.438,nan,nan,0.335,
0.500,0.417,0.406,0.344,0.312,0.342,0.359,0.484,0.438,0.354,
0.354,0.299,0.156,0.396,0.292,0.375,0.417,0.328,0.355,0.361,
0.304,0.271,0.356,0.329,0.359,0.287,nan,0.208,0.317,0.297,
0.327,0.382,0.370,0.356,0.393,nan,0.271,0.425,0.346,0.365,
0.225,0.312,0.393,0.362,0.354,0.688,0.319,0.286,0.312,0.438,
nan,0.281,nan,0.271,nan,nan,0.333,0.344,0.344,0.312,
0.365,0.312,0.312,0.281,0.312,0.156,nan,0.188,0.359,0.312,
