nan,nan,nan,nan,nan,0.375,0.338,0.292,0.391,nan,
nan,nan,nan,nan,nan,0.312,0.338,0.381,0.344,0.250,
nan,nan,nan,0.375,nan,nan,0.229,0.348,0.410,0.365,
0.344,0.396,0.297,0.429,0.250,nan,0.188,0.308,0.325,0.312,
0.312,0.342,0.332,0.292,0.281,0.368,0.352,0.361,0.335,0.375,
0.316,0.307,0.337,0.345,0.388,0.281,0.417,0.375,0.326,0.277,
0.349,0.365,0.338,0.339,0.338,0.309,nan,nan,0.375,0.378,
0.361,0.352,0.351,0.340,0.328,0.348,0.417,nan,0.375,0.333,
nan,0.396,0.335,0.370,0.350,0.375,0.448,0.323,0.362,nan,
nan,nan,nan,0.271,nan,nan,0.350,0.353,0.312,0.375,
