nan,nan,nan,nan,nan,0.375,0.350,0.323,0.286,nan,
nan,nan,nan,nan,nan,0.375,0.344,0.261,0.380,0.375,
nan,nan,nan,0.188,nan,nan,0.354,0.321,0.278,0.396,
0.406,0.375,0.359,0.330,0.375,nan,0.594,0.321,0.317,0.294,
0.261,0.324,0.288,0.347,0.281,0.285,0.328,0.345,0.369,0.297,
0.342,0.333,0.349,0.312,0.365,0.469,0.333,0.362,0.354,0.259,
0.321,0.327,0.372,0.347,0.325,0.412,nan,nan,0.229,0.274,
0.304,0.335,0.343,0.370,0.266,0.318,0.417,nan,0.062,0.396,
nan,0.438,0.355,0.327,0.400,0.375,0.396,0.354,0.325,nan,
nan,nan,nan,0.208,nan,nan,0.312,0.326,0.338,0.500,
