nan,nan,nan,nan,nan,nan,nan,0.438,0.219,0.312,
0.375,nan,nan,nan,nan,0.364,0.312,0.333,0.365,0.250,
0.312,0.307,0.250,0.312,0.500,0.354,0.333,nan,0.365,0.312,
0.375,0.125,0.562,0.292,0.350,0.375,0.306,0.271,0.367,0.234,
0.328,0.333,0.296,0.349,0.365,0.375,0.321,0.368,0.352,0.351,
0.344,0.307,0.342,0.339,0.349,0.358,0.312,0.348,0.299,0.309,
0.358,0.344,0.318,0.283,0.301,0.350,0.354,0.344,0.403,0.281,
0.348,0.337,0.328,0.370,0.344,0.367,0.229,0.375,0.396,0.312,
nan,0.188,0.349,0.327,0.312,0.312,0.369,0.320,0.281,0.250,
0.312,nan,0.562,0.344,0.354,0.375,0.317,0.348,0.297,0.344,
