nan,nan,nan,nan,nan,0.323,0.356,0.347,0.333,0.312,
nan,0.281,nan,nan,0.344,0.375,0.367,0.263,0.438,nan,
0.292,0.330,nan,0.312,0.388,0.352,0.388,0.375,0.333,0.354,
0.300,0.229,0.375,0.312,nan,0.250,0.382,0.384,0.250,0.293,
0.250,0.297,0.365,0.364,0.375,0.294,0.347,0.340,0.287,0.325,
0.317,0.319,0.351,0.308,0.286,0.286,0.354,0.352,0.331,0.343,
0.394,0.219,0.354,0.294,0.322,0.326,0.325,0.369,0.312,0.345,
0.469,0.277,0.417,0.312,0.357,0.333,0.383,0.323,0.385,0.250,
nan,0.500,0.250,0.312,0.188,0.333,0.229,0.333,0.365,0.354,
0.188,nan,nan,nan,0.438,0.500,0.354,0.339,0.406,0.312,
