0.362,0.275,0.310,0.333,0.125,0.312,0.229,0.333,nan,0.375,
nan,0.240,0.301,0.319,0.344,0.336,0.312,0.375,nan,0.438,
0.289,0.352,0.308,0.414,nan,0.347,0.292,nan,nan,0.354,
0.469,0.307,0.346,nan,nan,0.250,0.312,nan,0.312,0.344,
0.375,nan,0.417,0.286,0.271,nan,nan,0.375,0.356,0.342,
0.422,0.422,0.302,0.344,0.402,0.562,0.500,0.372,0.349,0.271,
0.348,0.344,0.347,0.333,0.375,0.469,0.219,0.345,0.312,0.329,
0.347,0.300,0.364,0.329,0.312,0.333,nan,0.312,0.318,0.312,
0.283,0.362,0.328,0.305,0.438,nan,nan,nan,0.500,0.292,
0.393,nan,0.317,0.273,0.375,0.250,nan,0.375,0.312,nan,
