0.286,0.562,nan,0.391,0.302,0.312,0.307,0.325,nan,0.304,
0.332,0.389,0.365,0.297,nan,0.332,0.412,0.469,0.250,nan,
0.303,0.294,0.281,nan,nan,0.312,0.281,0.406,0.281,0.321,
0.348,0.338,0.271,0.350,0.320,0.328,0.362,0.344,0.359,0.312,
0.422,0.292,0.343,0.324,0.321,0.321,0.336,0.365,0.304,0.312,
0.396,0.339,0.335,0.344,0.324,0.329,0.271,0.287,0.300,0.281,
0.375,0.359,0.208,0.340,0.308,0.325,nan,0.250,0.297,nan,
0.277,0.347,0.219,0.356,0.375,nan,0.219,0.375,0.344,0.375,
nan,0.325,nan,nan,nan,nan,nan,nan,nan,0.333,
0.321,0.366,0.562,nan,nan,nan,nan,0.250,0.344,0.345,
