0.420,0.250,nan,0.297,0.375,0.125,0.352,0.338,nan,0.259,
0.262,0.319,0.359,0.422,nan,0.273,0.338,0.156,0.438,nan,
0.345,0.322,0.375,nan,nan,0.307,0.312,0.312,0.263,0.357,
0.340,0.175,0.354,0.400,0.342,0.328,0.375,0.359,0.312,0.328,
0.344,0.354,0.341,0.346,0.350,0.312,0.347,0.323,0.301,0.324,
0.521,0.312,0.349,0.322,0.343,0.309,0.264,0.388,0.306,0.359,
0.438,0.469,0.375,0.354,0.296,0.250,nan,0.250,0.318,nan,
0.366,0.332,0.438,0.327,0.338,nan,0.312,0.323,0.250,0.188,
nan,0.350,nan,nan,nan,nan,nan,nan,nan,0.365,
0.304,0.326,0.250,nan,nan,nan,nan,0.250,0.375,0.349,
