nan,nan,nan,nan,nan,nan,nan,0.346,0.335,0.250,
nan,nan,nan,nan,nan,nan,0.338,0.346,0.340,nan,
0.383,0.312,0.250,nan,nan,nan,0.375,0.312,0.357,0.371,
nan,0.417,0.417,0.312,nan,nan,0.391,0.266,0.326,0.344,
0.250,0.301,0.350,0.306,0.328,0.271,0.350,0.340,0.312,0.438,
0.306,0.323,0.333,0.326,0.350,0.350,0.329,0.281,0.260,0.293,
0.356,0.229,0.263,0.292,0.302,0.311,0.332,0.350,0.250,0.394,
0.250,0.375,0.381,0.357,0.295,0.302,0.375,0.359,0.331,0.396,
nan,nan,0.375,0.324,0.277,0.312,0.322,0.345,0.375,0.371,
nan,nan,nan,nan,0.250,0.438,0.396,0.373,0.299,0.350,
