nan,nan,nan,nan,nan,nan,0.333,0.306,0.335,nan,
0.250,nan,nan,nan,nan,0.312,0.300,0.370,0.359,nan,
0.287,0.305,0.333,nan,nan,nan,0.348,0.312,0.350,0.381,
nan,0.375,0.406,0.375,0.406,nan,0.344,0.312,0.389,0.375,
0.198,0.367,0.367,0.344,0.321,0.312,0.279,0.356,0.312,0.338,
0.329,0.329,0.320,0.328,0.345,0.300,0.359,0.339,0.359,0.358,
0.283,0.271,0.301,0.330,0.362,0.325,0.321,0.312,0.375,0.349,
0.359,nan,0.332,0.329,0.336,0.329,0.438,0.275,0.250,0.375,
0.250,nan,nan,0.303,0.261,0.323,0.358,0.329,0.337,0.304,
nan,nan,nan,nan,0.344,nan,0.321,0.312,0.375,0.319,
