0.375,0.320,0.362,0.322,0.336,0.280,0.307,nan,0.263,0.469,
0.344,0.362,0.338,0.308,0.348,0.325,0.323,0.406,0.422,0.406,
0.271,0.360,0.327,0.396,0.344,0.327,0.312,0.250,0.188,0.390,
nan,0.330,0.250,0.312,0.250,0.342,0.250,0.341,0.438,nan,
0.359,0.317,nan,0.332,0.312,0.344,0.381,0.350,0.383,0.362,
0.250,0.275,0.281,0.301,0.335,0.333,0.500,0.234,0.332,0.352,
0.362,0.292,0.375,0.310,0.396,0.333,0.167,0.339,0.318,0.351,
0.350,0.362,0.281,0.338,0.406,0.062,0.333,0.375,nan,0.268,
0.271,0.312,0.250,0.348,nan,nan,0.188,0.302,0.375,0.379,
0.273,0.362,0.317,0.258,0.500,0.292,0.208,0.328,0.338,0.312,
