0.353,0.323,0.325,0.354,nan,0.250,nan,nan,0.292,0.352,
0.312,0.263,0.337,0.438,0.312,0.338,0.250,nan,nan,0.388,
0.411,0.321,0.300,0.304,0.188,0.300,0.292,nan,0.344,0.301,
0.391,0.368,0.438,nan,0.250,0.346,0.375,0.250,0.438,0.359,
0.322,0.297,nan,0.312,0.312,0.375,0.366,0.329,0.354,0.338,
0.331,0.319,0.350,0.362,0.307,0.344,nan,0.406,0.326,0.349,
0.321,0.336,0.352,0.370,0.271,0.326,0.297,0.411,0.322,0.339,
0.324,0.292,0.351,0.328,0.250,0.287,0.341,0.365,0.297,0.438,
0.250,0.188,0.625,0.188,nan,nan,0.375,0.305,0.336,0.406,
0.292,0.356,0.365,0.375,nan,nan,nan,0.375,0.350,0.367,
