0.355,nan,0.323,0.252,nan,nan,nan,0.323,0.345,0.306,
nan,nan,nan,0.344,nan,nan,nan,0.368,0.344,0.323,
nan,nan,nan,0.226,nan,nan,nan,0.387,0.290,nan,
0.290,0.310,0.397,0.311,0.339,nan,0.290,0.392,0.297,0.323,
nan,0.330,0.345,0.347,0.333,0.290,0.313,0.337,0.328,0.363,
0.327,0.325,0.303,0.352,0.548,nan,0.371,0.329,0.387,0.342,
0.329,0.311,0.315,0.318,0.355,0.355,nan,nan,0.328,0.332,
0.340,0.328,0.303,0.329,0.312,0.415,nan,0.323,0.282,0.330,
0.294,0.329,0.315,0.338,0.339,0.314,0.315,0.331,0.342,0.374,
0.323,nan,0.342,0.303,nan,0.339,0.323,0.345,0.352,0.310,
