nan,nan,nan,nan,nan,nan,nan,0.303,0.317,0.355,
nan,nan,nan,nan,nan,nan,0.376,0.357,0.308,nan,
0.302,0.378,0.387,nan,nan,nan,0.375,0.339,0.316,0.349,
nan,0.333,0.290,0.355,nan,nan,0.286,0.355,0.330,0.355,
0.419,0.306,0.308,0.339,0.375,0.355,0.348,0.344,0.344,0.323,
0.338,0.303,0.305,0.325,0.335,0.316,0.325,0.306,0.376,0.339,
0.308,0.387,0.332,0.332,0.330,0.336,0.324,0.335,0.348,0.325,
0.258,0.323,0.306,0.348,0.333,0.364,0.387,0.315,0.300,0.301,
nan,nan,0.323,0.328,0.323,0.340,0.313,0.335,0.331,0.355,
nan,nan,nan,nan,0.355,0.258,0.290,0.318,0.294,0.297,
