29.000,98.000,107.294,109.714,115.667,143.455,108.955,158.368,0.000,177.000,
138.429,118.800,93.188,0.000,64.500,207.750,67.400,213.000,102.000,nan,
97.714,202.125,48.000,102.462,95.727,121.000,63.000,0.000,111.000,260.000,
nan,0.000,55.800,73.500,99.828,101.250,210.500,0.000,96.333,0.000,
156.000,nan,85.000,99.088,138.625,136.154,139.143,112.286,168.231,141.000,
180.000,nan,145.250,124.633,135.485,148.333,127.714,105.000,72.000,192.600,
180.000,109.500,80.250,113.143,177.333,202.500,61.000,nan,187.500,143.100,
92.545,120.500,nan,0.000,0.000,nan,125.571,nan,0.000,130.800,
106.500,nan,nan,nan,nan,nan,nan,nan,84.000,203.700,
171.300,151.200,0.000,nan,0.000,nan,36.000,0.000,118.500,122.385,
