201.000,134.077,170.500,158.333,136.286,185.550,0.000,0.000,0.000,142.174,
0.000,156.429,124.833,143.889,0.000,124.929,171.000,111.000,190.500,66.600,
138.000,164.192,128.471,81.500,0.000,156.136,0.000,0.000,37.500,114.000,
0.000,52.385,0.000,234.000,162.500,216.273,0.000,131.000,106.200,18.000,
76.000,126.938,42.750,41.000,0.000,nan,174.000,66.000,136.950,137.000,
114.414,84.692,89.455,138.101,106.688,138.000,nan,0.000,151.957,119.857,
147.621,152.077,119.800,101.308,48.000,nan,nan,134.250,93.750,155.000,
82.500,104.455,113.727,124.100,0.000,0.000,157.000,108.692,nan,0.000,
0.000,0.000,0.000,75.429,nan,nan,0.000,145.105,0.000,181.412,
74.250,51.000,135.667,0.000,0.000,nan,nan,0.000,258.000,94.846,
