nan,nan,nan,nan,nan,nan,0.438,0.344,0.312,0.250,
0.292,nan,nan,nan,nan,0.422,0.320,0.328,0.354,0.625,
0.394,0.344,nan,nan,0.250,0.388,0.375,nan,0.403,0.244,
0.438,0.281,0.333,0.400,0.389,nan,0.264,0.229,0.319,0.188,
0.370,0.345,0.335,0.268,0.335,0.344,0.323,0.350,0.289,0.304,
0.302,0.307,0.345,0.339,0.337,0.318,0.310,0.406,0.343,0.351,
0.351,0.304,0.300,0.356,0.287,0.340,0.344,0.351,0.278,0.292,
0.362,0.402,0.335,0.332,0.278,0.337,0.375,0.312,nan,0.375,
0.271,nan,0.366,0.378,0.375,0.250,0.337,0.353,0.302,nan,
nan,nan,nan,0.300,nan,0.312,0.317,0.388,0.342,0.350,
