0.369,0.326,0.338,0.368,nan,nan,nan,0.312,0.268,0.324,
0.500,0.332,0.375,nan,nan,nan,0.375,0.292,0.341,0.344,
0.312,0.250,0.305,nan,0.375,0.281,nan,0.344,0.308,0.346,
nan,0.302,0.352,0.328,nan,nan,nan,0.320,0.299,0.396,
0.297,0.458,0.375,0.562,0.500,0.391,0.326,0.312,0.362,0.335,
0.356,0.375,0.312,0.286,0.316,0.312,0.375,0.325,0.337,0.352,
0.203,0.188,0.375,nan,0.266,0.312,0.396,0.342,0.385,0.281,
0.256,0.348,0.330,0.344,0.281,0.302,0.375,0.324,0.357,0.389,
0.328,0.333,0.352,nan,0.250,nan,0.271,0.310,0.319,0.342,
0.312,0.263,0.310,nan,nan,nan,nan,0.344,0.316,0.369,
