132.750,186.556,125.757,135.000,nan,nan,nan,0.000,127.625,111.115,
0.000,166.071,125.769,0.000,nan,nan,nan,128.727,100.750,92.571,
0.000,201.000,128.700,170.000,nan,223.200,0.000,83.323,91.500,104.850,
0.000,255.000,112.235,93.450,0.000,0.000,0.000,114.857,149.455,6.000,
128.211,0.000,nan,0.000,136.000,111.938,70.500,239.000,119.053,119.600,
208.800,199.000,nan,90.333,143.036,117.000,170.571,126.000,111.281,145.920,
142.000,354.000,0.000,0.000,0.000,133.125,68.250,127.773,136.714,153.900,
89.000,89.700,157.857,0.000,110.250,159.750,88.000,136.889,105.643,102.000,
73.125,70.607,87.600,nan,nan,nan,0.000,103.263,169.471,74.294,
74.750,66.000,149.471,0.000,nan,nan,nan,114.375,133.400,162.000,
