0.356,0.388,0.327,0.378,0.362,0.335,0.250,nan,0.333,0.346,
0.312,0.321,0.338,0.329,0.328,0.320,0.396,0.396,0.354,0.312,
0.297,0.339,0.372,0.268,0.406,0.302,0.271,nan,nan,0.347,
0.125,0.281,0.156,0.344,0.359,0.322,0.312,0.359,0.281,0.312,
0.354,0.299,0.531,0.354,0.333,0.354,0.312,0.344,0.324,0.285,
0.259,0.396,0.370,0.348,0.319,0.375,nan,0.354,0.333,0.328,
0.316,0.307,0.339,0.317,0.268,nan,0.312,0.250,0.346,0.274,
0.338,0.333,0.375,0.302,0.292,0.188,0.375,0.321,0.250,0.375,
nan,0.438,nan,0.354,nan,nan,0.417,0.319,0.344,0.351,
0.333,0.250,0.294,0.344,0.375,0.312,nan,0.188,0.312,0.306,
