nan,0.341,0.354,0.266,0.355,0.360,nan,0.328,0.274,nan,
nan,0.337,0.324,0.329,0.317,0.355,0.282,0.419,0.290,0.419,
0.364,0.348,0.345,0.355,0.337,0.338,nan,nan,0.323,0.320,
0.341,0.333,0.322,0.363,0.346,0.333,nan,0.355,0.290,0.381,
0.347,0.341,0.340,0.332,nan,0.340,0.375,0.324,0.301,0.387,
0.323,0.326,0.352,0.357,0.337,0.500,0.349,0.353,0.328,nan,
0.339,0.323,0.339,0.323,0.355,0.367,0.339,0.338,0.338,0.266,
nan,0.284,nan,0.306,0.344,0.339,0.303,0.353,0.297,nan,
0.300,0.194,nan,0.367,nan,0.161,0.341,0.358,0.419,0.290,
0.312,0.347,0.419,0.419,nan,nan,nan,0.419,nan,0.387,
