0.000,0.000,113.000,68.182,nan,nan,78.000,106.364,0.000,nan,
nan,30.000,162.300,170.000,183.000,279.000,nan,87.000,0.000,0.000,
151.875,99.158,0.000,201.750,0.000,nan,nan,nan,0.000,117.000,
86.824,115.385,107.600,146.500,253.200,146.824,0.000,0.000,nan,150.000,
126.600,130.309,126.462,115.500,108.429,0.000,nan,0.000,nan,162.000,
142.429,132.082,143.250,150.333,138.000,nan,142.800,60.000,nan,92.400,
105.600,134.526,115.000,88.500,157.500,36.500,160.286,160.600,50.400,117.706,
86.000,0.000,16.500,125.667,148.500,220.500,132.000,90.000,128.647,119.500,
133.333,135.000,110.786,60.000,nan,88.200,197.786,138.333,143.400,78.923,
99.000,0.000,96.900,83.000,nan,96.000,nan,0.000,nan,104.250,
