0.312,0.349,0.422,0.347,0.375,0.375,0.125,nan,0.325,0.320,
nan,0.329,0.323,0.335,0.250,0.319,0.357,0.188,0.371,0.438,
0.305,0.342,0.339,0.312,0.500,0.332,0.312,0.385,0.300,0.328,
nan,0.359,0.250,0.375,0.414,0.315,0.375,0.339,0.354,nan,
0.362,0.351,0.319,0.391,0.500,0.350,0.379,0.295,0.346,0.312,
0.345,0.327,0.347,0.337,0.261,0.292,0.375,0.237,0.355,0.276,
0.325,0.314,0.312,0.337,0.359,nan,0.354,0.266,0.330,0.346,
0.381,0.359,0.381,0.356,0.281,nan,0.292,0.319,0.312,0.344,
0.391,nan,0.229,nan,nan,nan,nan,0.340,0.406,0.344,
0.330,0.396,0.368,0.500,nan,nan,nan,0.125,0.350,0.352,
