nan,0.371,0.341,0.346,0.387,0.328,0.323,0.226,0.333,nan,
nan,0.316,0.352,0.346,0.321,0.348,0.392,nan,0.242,nan,
0.336,0.355,0.323,0.226,0.301,0.330,nan,nan,0.484,0.376,
0.372,0.329,0.332,0.310,0.323,0.387,0.258,nan,0.333,0.376,
0.286,0.329,0.352,0.323,0.323,0.300,0.242,0.307,0.306,0.376,
0.258,0.327,0.328,0.380,0.355,0.452,0.341,0.360,0.323,nan,
0.290,0.277,nan,0.355,0.345,0.320,0.306,0.283,0.355,0.452,
0.398,0.313,nan,0.343,0.343,0.306,0.370,0.315,0.358,0.387,
0.382,nan,0.387,0.367,0.355,0.371,0.324,0.353,0.387,nan,
0.323,0.323,0.394,0.333,nan,0.387,nan,0.355,nan,0.406,
