0.156,nan,0.344,0.302,0.562,0.562,0.438,0.328,0.125,nan,
nan,0.219,0.324,0.350,0.361,0.306,nan,0.339,nan,nan,
0.293,0.308,0.333,0.340,0.250,0.312,nan,nan,0.375,0.362,
0.361,0.371,0.356,0.340,0.316,0.333,0.375,nan,0.250,0.325,
0.334,0.334,0.321,0.333,0.417,nan,0.375,nan,nan,0.364,
0.361,0.330,0.322,0.396,0.287,0.250,0.338,0.312,nan,0.469,
0.312,0.348,0.338,0.384,0.360,0.375,0.266,0.353,0.414,0.411,
0.354,nan,0.312,0.375,0.320,0.306,0.375,0.300,0.341,0.312,
0.325,0.352,0.422,0.281,nan,0.375,0.312,0.305,0.302,0.406,
0.331,0.312,0.359,0.292,nan,nan,0.438,0.396,0.125,0.344,
