0.238,0.343,0.319,0.328,nan,0.378,0.484,0.332,0.339,nan,
0.226,0.326,0.354,0.346,0.326,0.332,nan,nan,nan,nan,
0.361,0.387,0.361,0.355,0.308,0.347,0.226,nan,nan,0.360,
0.327,0.355,0.318,0.306,0.373,0.323,0.290,0.290,nan,0.339,
0.344,0.334,0.335,0.362,0.274,0.348,0.328,0.326,nan,0.258,
0.312,0.334,0.372,0.343,0.302,0.342,0.343,0.321,0.281,0.355,
nan,0.293,0.376,0.306,0.326,0.277,0.327,0.321,0.335,0.387,
nan,0.328,0.328,0.333,0.319,0.331,0.345,0.337,0.309,nan,
0.319,nan,nan,0.363,0.323,0.258,0.333,0.339,0.315,0.258,
0.306,0.363,0.355,0.298,0.355,nan,0.161,0.323,0.258,0.339,
