0.375,0.312,0.438,0.359,0.375,0.380,0.298,0.335,0.375,0.321,
0.333,0.338,0.312,nan,0.375,0.369,0.300,0.350,0.312,0.354,
0.312,0.250,0.250,0.352,0.271,0.349,nan,nan,0.344,0.326,
nan,nan,nan,0.327,0.357,0.302,0.321,0.333,0.391,0.344,
0.350,nan,0.293,0.344,0.312,0.293,0.335,0.348,0.351,0.330,
0.375,0.312,0.317,0.341,0.337,0.361,0.383,0.312,0.359,0.375,
0.304,0.268,0.354,0.372,0.327,0.354,0.297,0.312,0.359,0.319,
0.356,0.354,nan,0.188,0.219,0.281,0.338,nan,nan,0.333,
0.271,0.250,nan,nan,nan,nan,nan,nan,nan,0.354,
0.450,0.312,nan,nan,0.297,nan,nan,0.312,0.344,0.301,
