nan,nan,nan,nan,0.323,0.343,nan,0.349,0.358,0.355,
nan,nan,nan,nan,0.387,0.339,0.355,0.419,0.274,nan,
0.349,nan,nan,0.387,0.318,0.340,0.319,0.339,0.344,nan,
0.343,0.303,0.371,0.360,nan,0.323,0.297,0.355,0.323,0.361,
0.329,nan,0.349,0.302,nan,0.403,0.336,0.324,0.320,0.265,
0.329,0.367,0.341,0.331,0.330,0.295,0.346,0.325,0.331,0.317,
0.339,0.345,0.359,0.326,0.354,0.315,0.333,0.329,0.348,0.355,
0.335,0.361,nan,0.339,0.321,0.345,0.226,0.315,0.306,nan,
nan,nan,nan,nan,0.371,nan,nan,0.435,0.333,nan,
nan,nan,nan,nan,nan,nan,0.419,0.351,0.311,0.344,
