nan,nan,0.312,0.312,nan,nan,0.298,0.285,0.328,0.312,
nan,nan,nan,nan,nan,nan,nan,0.354,0.331,nan,
nan,nan,0.362,nan,nan,nan,nan,0.344,nan,nan,
nan,0.438,0.333,0.400,nan,nan,0.750,0.318,0.336,0.375,
0.438,0.438,0.295,0.396,0.250,0.396,0.312,0.369,0.344,nan,
0.362,0.310,0.312,0.336,0.479,0.250,nan,0.266,nan,0.281,
0.322,0.351,0.320,0.341,0.328,0.266,0.281,0.438,0.469,0.364,
0.328,0.326,0.316,0.355,0.364,0.396,0.257,0.328,0.375,0.297,
0.312,0.458,0.385,0.299,0.394,0.316,0.321,0.331,0.396,0.354,
0.438,nan,0.339,0.331,0.375,0.500,0.330,0.250,0.321,0.500,
