nan,nan,nan,nan,nan,nan,0.125,0.366,0.320,0.312,
nan,nan,nan,nan,nan,nan,0.312,0.320,0.320,nan,
0.312,0.259,nan,nan,nan,nan,0.375,0.219,0.375,0.361,
0.312,0.398,0.344,nan,nan,0.382,0.303,0.302,0.352,0.328,
0.344,0.372,0.324,0.325,0.292,0.321,0.303,0.345,0.344,0.562,
0.294,0.340,0.357,0.334,0.321,0.330,0.307,0.406,0.438,0.321,
0.352,nan,0.406,0.354,0.353,0.294,0.314,0.304,0.346,0.333,
0.188,0.375,0.306,0.324,0.312,0.333,nan,0.319,0.286,0.292,
0.438,nan,nan,0.312,0.321,0.347,0.357,0.344,0.305,0.332,
nan,nan,nan,nan,nan,0.438,0.358,0.351,0.273,0.299,
