0.438,nan,nan,nan,0.375,0.412,0.266,0.188,0.266,0.396,
0.297,nan,nan,0.250,0.299,0.314,0.344,0.375,0.312,nan,
0.285,0.188,nan,0.425,0.345,0.339,0.391,0.229,0.276,0.188,
0.346,0.250,0.333,0.352,0.219,0.300,0.302,0.237,0.417,nan,
0.304,0.562,0.339,0.346,0.333,0.292,0.316,0.281,0.354,0.365,
0.315,0.219,0.310,0.309,0.330,0.322,0.326,0.365,0.352,0.341,
0.375,0.325,0.302,0.317,0.330,0.368,0.312,0.312,0.357,0.354,
0.365,0.338,nan,nan,0.375,0.310,0.369,nan,0.367,0.250,
0.450,nan,nan,nan,0.312,0.271,0.453,0.312,0.346,0.287,
0.375,nan,nan,nan,nan,nan,0.438,0.394,0.308,0.339,
