0.312,nan,0.384,0.359,0.375,0.375,0.352,0.417,nan,0.312,
0.369,0.333,0.335,0.281,0.375,0.323,0.294,nan,nan,0.250,
0.365,0.356,0.317,0.531,0.366,0.323,0.425,0.323,0.328,nan,
0.350,0.328,0.229,0.319,0.342,0.412,0.375,0.438,0.375,nan,
0.292,0.500,0.286,0.343,0.342,0.277,0.354,0.371,0.358,0.295,
nan,0.402,0.337,0.352,0.320,0.312,0.319,0.250,0.400,0.344,
nan,0.328,0.250,0.299,0.344,0.266,nan,0.263,0.348,0.344,
0.335,0.287,0.219,0.320,0.365,0.350,0.312,0.356,0.229,0.250,
0.375,0.350,nan,0.250,0.406,nan,0.125,nan,nan,0.425,
0.307,0.188,nan,nan,0.312,nan,0.250,nan,0.375,0.315,
