0.438,0.302,0.355,0.339,0.200,0.328,0.330,nan,0.375,0.263,
nan,0.333,0.331,0.327,0.354,0.326,0.285,0.304,0.312,0.312,
0.354,0.375,0.343,0.299,0.350,0.380,0.339,0.438,0.292,0.334,
0.469,0.355,0.328,0.312,0.438,0.358,0.333,0.312,nan,0.344,
0.277,0.344,0.312,0.358,nan,0.237,0.479,0.321,0.339,0.365,
0.387,nan,0.688,0.332,0.315,0.295,0.125,0.336,0.342,0.350,
0.349,0.250,0.219,0.260,0.304,0.348,0.362,0.362,0.346,0.398,
0.348,0.302,0.375,0.354,0.295,0.250,0.375,0.292,0.229,0.375,
0.365,nan,0.396,0.328,nan,nan,0.362,0.333,0.301,0.289,
0.353,0.305,0.315,0.277,0.188,nan,0.375,0.318,0.406,0.375,
