0.303,0.332,0.312,0.347,0.250,nan,nan,nan,nan,0.305,
0.438,0.322,0.306,0.375,nan,0.319,nan,nan,0.500,0.375,
0.438,0.354,0.339,0.375,nan,0.321,0.344,nan,nan,0.250,
nan,0.266,0.344,0.385,nan,0.281,nan,0.375,0.400,0.438,
0.295,0.198,nan,0.250,0.312,0.375,0.264,0.327,0.188,0.303,
0.340,0.350,nan,0.331,0.319,0.281,0.330,0.292,0.319,0.328,
0.328,0.320,0.406,0.312,0.359,0.269,0.375,0.359,0.352,0.375,
0.355,0.308,0.331,0.306,0.365,0.312,0.347,0.335,0.256,0.307,
0.344,0.375,0.333,0.312,nan,nan,0.271,0.342,0.324,0.312,
0.342,0.417,0.334,0.312,nan,nan,0.375,0.307,0.312,0.333,
