nan,nan,0.188,0.350,0.438,nan,nan,0.344,0.344,0.250,
nan,nan,nan,nan,nan,nan,nan,0.250,0.368,nan,
nan,nan,0.375,nan,nan,nan,nan,0.167,0.297,0.625,
0.250,0.292,0.302,0.425,nan,nan,0.312,0.312,0.350,0.333,
nan,0.303,0.250,0.367,0.350,0.229,0.344,0.393,0.408,0.250,
0.332,0.353,0.388,0.337,0.328,0.375,0.375,0.277,0.250,0.384,
0.320,0.303,0.333,0.342,0.347,0.304,0.312,0.300,0.344,0.321,
0.339,0.307,0.319,0.341,0.391,0.354,0.438,0.375,0.438,0.359,
0.338,0.353,0.355,0.342,0.326,0.275,0.267,0.328,0.344,0.306,
0.312,nan,0.375,0.292,0.281,nan,0.275,0.167,0.328,0.289,
