0.266,0.391,0.337,0.344,0.438,0.425,0.312,0.429,0.375,0.250,
0.312,0.269,0.332,0.364,0.438,0.335,0.326,0.365,nan,0.438,
0.281,0.300,0.343,nan,0.250,0.307,0.398,nan,0.375,0.250,
0.304,0.293,0.308,0.250,nan,0.333,0.354,nan,0.388,0.350,
0.229,nan,0.312,0.375,0.344,nan,0.188,0.385,0.317,0.283,
0.358,nan,0.369,0.356,0.296,nan,0.312,0.312,0.328,0.375,
0.312,0.295,0.322,0.321,0.341,0.354,0.375,0.307,0.328,0.330,
0.334,0.352,0.346,0.320,0.347,0.396,0.312,0.312,0.335,0.332,
0.334,0.362,0.352,0.375,0.562,nan,nan,nan,0.281,0.400,
nan,0.271,0.350,0.312,nan,0.300,0.406,nan,0.336,nan,
