nan,nan,nan,nan,nan,nan,0.000,127.125,219.857,115.000,
68.000,0.000,nan,nan,nan,27.000,140.571,nan,54.750,0.000,
97.615,136.500,nan,0.000,0.000,78.750,114.500,0.000,111.750,150.857,
126.474,299.000,0.000,nan,nan,40.667,179.786,60.333,97.667,174.333,
97.875,106.333,121.179,101.294,92.571,145.500,87.600,137.833,0.000,118.667,
130.731,93.500,87.115,155.739,116.400,95.455,96.273,84.273,36.429,114.517,
123.000,167.250,98.000,117.857,145.245,103.000,134.062,118.429,65.500,207.500,
nan,87.000,176.250,125.000,173.769,100.674,112.800,39.000,195.667,270.000,
nan,nan,nan,92.000,0.000,0.000,104.786,171.833,239.500,141.000,
nan,nan,nan,nan,nan,177.000,122.571,73.714,70.667,117.250,
