0.328,0.371,0.345,0.354,nan,0.312,nan,nan,0.484,0.318,
0.325,0.331,0.342,0.337,nan,0.304,nan,nan,0.625,0.412,
0.272,0.342,0.344,0.281,nan,0.292,nan,0.312,0.290,0.219,
0.312,0.268,0.375,nan,0.375,0.354,0.338,0.396,0.275,0.297,
0.312,0.330,0.312,0.350,nan,0.188,0.331,0.334,0.308,0.328,
0.310,0.324,0.330,0.352,0.308,nan,0.312,0.438,0.315,0.299,
0.325,0.347,0.340,0.341,0.396,0.292,nan,0.297,0.353,0.322,
0.375,0.312,0.337,0.273,nan,0.188,0.336,0.333,0.287,0.281,
0.250,0.375,0.354,nan,nan,nan,0.312,0.281,0.250,0.295,
0.350,0.368,0.334,0.350,nan,nan,nan,0.312,0.326,0.310,
