0.331,0.355,0.318,0.357,0.188,0.406,0.125,0.312,nan,0.350,
0.250,0.369,0.347,0.288,0.469,0.382,nan,nan,nan,0.281,
0.352,0.330,0.312,0.384,0.348,0.260,nan,nan,0.375,0.335,
0.378,0.341,0.320,0.281,0.333,0.406,0.125,nan,0.250,0.335,
0.320,0.331,0.328,0.330,0.312,0.203,0.250,0.344,nan,0.328,
0.331,0.338,0.318,0.422,0.333,0.281,0.330,0.328,0.344,0.344,
nan,0.364,0.362,0.391,0.280,0.250,0.319,0.346,0.360,0.188,
nan,0.281,0.266,0.301,0.293,0.277,0.281,0.327,0.333,nan,
0.324,0.250,0.375,0.319,0.354,0.375,0.330,0.453,0.375,0.500,
0.275,0.188,0.250,0.375,nan,nan,nan,nan,0.375,0.393,
