0.294,0.337,0.325,0.362,0.406,0.344,nan,nan,0.375,0.250,
0.281,0.284,0.326,0.366,0.250,0.298,0.286,nan,0.336,0.375,
0.283,0.359,0.385,0.375,nan,0.354,nan,0.281,0.311,0.312,
nan,0.344,nan,0.375,0.234,0.320,0.375,0.333,0.368,0.375,
0.453,0.371,0.344,0.344,0.354,0.339,0.345,0.335,0.340,0.188,
0.396,0.317,0.309,0.327,0.363,nan,0.250,0.330,0.361,0.350,
0.330,0.322,0.304,0.300,0.320,nan,0.237,0.297,0.321,0.316,
0.287,0.375,0.330,0.339,nan,0.438,0.294,0.352,0.156,0.422,
0.354,0.396,0.278,0.479,nan,nan,0.375,0.292,0.438,0.312,
0.326,0.398,0.342,0.250,nan,nan,nan,nan,0.328,0.375,
