0.203,0.324,0.333,0.333,0.438,nan,0.312,0.266,0.250,nan,
0.312,0.406,0.335,0.342,nan,0.285,0.359,nan,nan,nan,
0.375,0.271,0.334,0.336,0.375,0.344,0.344,nan,0.312,0.284,
0.375,0.344,0.324,0.320,0.438,0.344,0.375,nan,0.188,0.294,
0.375,nan,0.312,0.299,nan,0.188,nan,0.359,0.352,0.429,
0.344,0.375,0.312,0.312,0.306,0.328,nan,0.469,0.302,0.355,
0.312,0.369,0.388,0.329,0.369,0.531,0.312,0.341,0.340,0.438,
nan,0.357,0.367,0.287,0.312,nan,nan,0.312,0.305,0.348,
0.350,nan,0.281,0.344,0.500,nan,0.362,0.333,0.422,0.312,
0.260,0.391,0.355,0.321,nan,nan,nan,0.293,0.326,0.375,
