nan,0.000,116.250,0.000,164.538,nan,77.062,125.591,198.750,126.600,
39.000,103.000,127.929,nan,204.000,144.000,63.750,49.500,nan,150.750,
199.312,32.000,nan,42.429,155.526,178.588,0.000,189.000,92.833,48.000,
nan,nan,0.000,161.500,155.690,102.000,125.368,199.714,97.000,0.000,
152.500,nan,95.812,98.531,122.423,82.636,87.522,160.312,136.833,103.250,
121.500,nan,138.353,135.660,148.918,146.917,139.750,61.909,165.900,nan,
103.800,141.000,nan,118.500,215.833,141.097,25.000,62.625,106.800,141.000,
107.000,102.000,nan,0.000,258.000,0.000,163.500,0.000,0.000,146.250,
127.565,0.000,nan,nan,nan,nan,0.000,nan,285.000,111.913,
174.000,111.750,0.000,nan,0.000,nan,nan,0.000,151.667,140.280,
