0.313,0.339,nan,0.290,0.339,0.452,0.337,0.329,nan,0.341,
0.319,0.358,0.336,0.339,nan,0.359,0.316,0.452,0.355,nan,
0.312,0.369,0.335,nan,nan,0.355,0.323,0.329,0.319,0.332,
0.338,0.439,0.409,0.277,0.349,0.339,0.335,0.335,0.320,0.347,
0.274,0.387,0.347,0.325,0.329,0.373,0.326,0.317,0.357,0.327,
0.301,0.344,0.325,0.329,0.326,0.317,0.330,0.297,0.361,0.315,
0.290,0.258,0.366,0.339,0.325,0.310,nan,0.290,0.349,nan,
0.313,0.334,0.419,0.330,0.329,nan,0.435,0.301,0.355,0.355,
nan,0.271,nan,nan,nan,nan,nan,nan,nan,0.360,
0.364,0.355,0.194,nan,nan,nan,nan,0.548,0.371,0.335,
