0.324,0.352,0.333,0.312,nan,nan,nan,nan,0.438,0.312,
0.354,0.359,0.335,0.342,nan,0.287,0.344,0.375,0.219,nan,
0.344,0.375,0.352,0.391,nan,0.375,nan,0.333,0.333,0.281,
0.417,0.354,nan,nan,0.375,0.320,0.312,nan,0.331,0.312,
0.329,0.333,0.281,nan,0.312,0.292,0.330,0.333,0.399,0.333,
0.355,0.347,0.341,0.332,0.335,nan,0.312,0.229,0.339,0.321,
0.326,0.293,0.322,0.321,0.260,nan,0.359,0.391,0.297,0.324,
0.354,0.269,0.332,0.344,nan,0.500,0.322,0.296,0.425,0.325,
0.359,0.250,0.352,0.354,nan,nan,0.250,0.219,0.438,0.188,
0.340,0.319,0.344,0.302,nan,nan,0.375,nan,0.297,0.321,
