0.331,0.277,0.293,0.357,0.188,0.406,0.438,0.366,nan,0.362,
0.375,0.256,0.318,0.317,0.406,0.326,nan,nan,nan,0.328,
0.278,0.384,0.333,0.321,0.320,0.375,nan,nan,0.250,0.324,
0.302,0.319,0.364,0.156,0.292,0.312,0.562,nan,0.438,0.379,
0.353,0.326,0.328,0.321,0.369,0.469,0.323,0.375,nan,0.328,
0.344,0.362,0.365,0.234,0.344,0.354,0.317,0.299,0.281,0.266,
nan,0.352,0.338,0.312,0.361,0.281,0.335,0.342,0.298,0.312,
nan,0.281,0.305,0.307,0.335,0.259,0.372,0.305,0.312,nan,
0.330,0.208,0.219,0.212,0.250,0.312,0.352,0.289,0.458,0.375,
0.362,0.312,0.500,0.396,nan,nan,nan,nan,0.344,0.312,
