180.000,nan,249.750,158.500,0.000,0.000,0.000,79.350,0.000,nan,
nan,0.000,106.393,135.643,126.692,233.000,nan,88.714,nan,nan,
127.846,125.308,154.000,182.667,168.000,0.000,nan,nan,0.000,194.400,
167.667,108.484,190.800,146.167,87.529,150.857,0.000,nan,9.000,167.400,
150.923,129.300,186.000,121.000,178.500,nan,0.000,nan,nan,128.647,
63.808,95.441,129.000,127.000,163.200,75.000,187.200,174.000,nan,177.000,
142.800,122.357,116.045,152.571,132.439,0.000,147.000,158.250,92.625,80.500,
46.000,nan,0.000,277.333,117.750,149.100,71.000,151.200,73.364,49.154,
147.353,198.000,238.500,81.000,nan,312.000,82.200,149.423,63.000,57.000,
146.700,0.000,329.250,164.000,nan,nan,0.000,114.000,0.000,235.500,
