nan,0.371,0.312,0.346,0.362,0.402,0.333,0.281,nan,0.438,
nan,0.287,0.334,0.325,0.344,0.375,0.339,nan,nan,0.321,
0.250,0.325,0.319,0.336,nan,0.531,0.287,nan,nan,0.317,
nan,0.271,0.348,0.458,0.250,0.316,0.336,nan,0.188,0.250,
nan,nan,0.188,0.310,0.562,0.375,0.312,0.417,0.364,0.366,
0.358,nan,0.281,0.335,0.309,0.354,nan,0.391,0.306,0.359,
0.367,0.427,0.375,0.326,0.320,0.297,0.312,0.369,0.305,0.312,
0.375,0.388,0.355,0.334,0.344,0.250,nan,0.354,0.375,0.312,
0.188,0.562,0.420,0.328,0.312,nan,0.336,0.329,0.271,0.331,
0.349,0.353,0.317,0.292,nan,nan,nan,0.338,0.361,0.312,
