0.355,0.312,0.334,0.351,0.310,0.323,0.341,nan,0.323,0.258,
nan,0.333,0.333,0.326,0.317,0.341,0.296,0.327,0.258,0.290,
0.341,0.343,0.337,0.330,0.329,0.367,0.323,0.452,0.333,0.324,
0.387,0.335,0.343,0.323,0.387,0.365,0.323,0.355,nan,0.403,
0.290,0.363,0.258,0.335,nan,0.284,0.409,0.313,0.336,0.382,
0.359,nan,0.516,0.325,0.311,0.346,0.226,0.315,0.340,0.328,
0.366,0.306,0.194,0.306,0.323,0.318,0.374,0.350,0.335,0.371,
0.309,0.323,0.383,0.338,0.300,0.258,0.323,0.323,0.269,0.303,
0.349,nan,0.366,0.294,nan,nan,0.368,0.327,0.340,0.302,
0.337,0.316,0.325,0.290,0.194,nan,0.258,0.304,0.387,0.371,
