0.371,0.351,0.346,0.350,0.323,0.306,0.355,0.350,nan,0.303,
0.323,0.342,0.339,0.350,0.323,0.297,nan,nan,nan,0.379,
0.361,0.313,0.317,0.332,0.351,0.360,nan,nan,0.419,0.355,
0.326,0.334,0.337,0.339,0.317,0.339,0.355,nan,0.484,0.300,
0.329,0.333,0.342,0.334,0.358,0.306,0.296,0.323,nan,0.387,
0.339,0.329,0.355,0.306,0.320,0.344,0.320,0.332,0.210,0.323,
nan,0.349,0.348,0.294,0.335,0.374,0.322,0.328,0.315,0.516,
nan,0.323,0.375,0.328,0.372,0.364,0.342,0.355,0.333,nan,
0.320,0.333,0.403,0.390,0.376,0.323,0.323,0.290,0.290,0.323,
0.297,0.371,0.290,0.344,nan,nan,nan,nan,0.290,0.332,
