0.327,0.333,0.340,0.341,0.250,nan,nan,nan,nan,0.356,
0.188,0.335,0.379,0.250,nan,0.344,nan,nan,0.188,0.375,
0.250,0.271,0.380,0.348,nan,0.360,0.312,nan,nan,0.375,
nan,0.375,0.312,0.323,nan,0.469,nan,0.312,0.300,0.312,
0.330,0.375,nan,0.438,0.500,0.348,0.451,0.333,0.422,0.428,
0.317,0.388,nan,0.344,0.396,0.384,0.339,0.333,0.316,0.355,
0.375,0.342,0.156,0.375,0.312,0.394,0.406,0.328,0.340,0.304,
0.340,0.303,0.361,0.340,0.344,0.406,0.403,0.337,0.375,0.328,
0.406,0.125,0.299,0.188,nan,nan,0.333,0.304,0.347,0.284,
0.298,0.302,0.344,0.375,nan,nan,0.312,0.403,0.329,0.343,
