nan,0.330,0.336,0.373,nan,0.283,0.319,0.271,nan,nan,
0.285,0.337,0.323,0.297,0.310,0.290,0.326,0.338,0.339,nan,
nan,0.334,0.341,0.349,0.345,0.347,0.339,0.301,0.316,0.232,
0.281,0.318,0.363,0.348,0.258,0.323,nan,0.339,0.337,0.398,
0.274,nan,0.290,0.314,0.368,nan,nan,0.312,0.347,0.315,
0.323,0.258,0.384,0.318,0.342,0.452,nan,0.308,0.343,0.301,
0.311,0.274,0.441,0.277,0.334,0.403,0.290,0.331,0.290,0.347,
0.346,0.395,0.387,0.331,0.355,0.313,0.359,0.305,nan,0.269,
0.357,0.347,0.194,0.323,nan,0.290,nan,0.355,0.355,0.319,
0.317,0.363,0.331,0.317,0.325,nan,0.290,0.290,nan,0.361,
