nan,nan,nan,nan,nan,0.344,0.381,0.340,0.354,0.344,
nan,0.281,nan,nan,0.406,0.354,0.333,0.312,0.375,nan,
0.307,0.420,nan,0.312,0.362,0.273,0.287,0.438,0.312,0.312,
0.337,0.292,0.312,0.562,nan,0.250,0.306,0.304,0.340,0.349,
0.338,0.383,0.335,0.364,0.297,0.419,0.292,0.312,0.388,0.352,
0.362,0.319,0.318,0.349,0.330,0.375,0.351,0.297,0.362,0.330,
0.298,0.406,0.383,0.375,0.328,0.329,0.333,0.330,0.366,0.359,
0.281,0.312,0.396,0.339,0.429,0.336,0.391,0.344,0.365,0.312,
nan,0.250,0.312,0.396,0.312,0.271,0.188,0.365,0.327,0.417,
0.500,nan,nan,nan,0.312,0.438,0.315,0.318,0.328,0.344,
