129.938,112.773,104.889,42.500,nan,0.000,nan,nan,58.500,138.600,
54.000,131.400,127.091,189.000,nan,63.857,nan,nan,0.000,88.800,
89.143,144.400,89.571,0.000,nan,184.000,nan,0.000,196.071,228.000,
0.000,85.286,111.000,nan,129.000,138.167,0.000,155.000,190.200,189.000,
147.000,121.429,0.000,54.000,nan,0.000,123.000,127.846,101.769,167.250,
123.429,145.235,118.286,138.180,110.077,nan,0.000,108.000,160.440,164.526,
98.400,129.103,99.333,128.379,142.000,85.000,nan,89.250,86.172,143.211,
93.000,108.000,163.385,150.750,nan,0.000,115.875,141.000,121.200,119.250,
118.500,0.000,290.000,nan,nan,nan,186.000,101.500,181.000,84.000,
149.700,54.000,128.077,117.000,nan,nan,nan,6.000,110.667,104.222,
