nan,79.667,59.172,172.312,nan,129.333,149.053,114.000,nan,nan,
166.500,118.463,80.032,166.200,163.800,138.000,69.333,162.529,210.000,nan,
nan,135.000,46.667,139.000,116.211,159.462,309.000,356.000,73.800,208.800,
55.714,93.857,77.625,97.800,0.000,86.400,nan,183.000,119.500,0.000,
97.500,nan,0.000,158.172,186.000,nan,nan,134.750,142.345,109.800,
103.000,0.000,80.667,108.750,79.065,34.500,nan,74.182,109.909,141.500,
147.356,138.000,203.000,89.250,125.786,99.000,91.800,127.400,0.000,165.375,
126.682,154.500,303.000,133.350,166.800,127.500,2.571,142.000,nan,120.000,
123.000,166.500,0.000,303.000,nan,160.000,nan,52.000,164.250,71.333,
115.000,87.000,143.200,93.364,181.400,nan,0.000,74.250,nan,273.600,
