nan,nan,nan,nan,nan,0.419,0.329,0.358,0.288,nan,
nan,nan,nan,nan,nan,0.371,0.342,0.323,0.333,0.409,
nan,nan,nan,0.258,nan,nan,0.376,0.304,0.283,0.323,
0.419,0.301,0.331,0.313,0.355,nan,0.516,0.327,0.327,0.335,
0.311,0.306,0.320,0.330,0.327,0.297,0.302,0.333,0.328,0.315,
0.334,0.326,0.323,0.317,0.328,0.452,0.323,0.329,0.336,0.286,
0.319,0.334,0.336,0.345,0.326,0.387,nan,nan,0.290,0.281,
0.314,0.364,0.322,0.351,0.323,0.318,0.344,nan,0.194,0.366,
nan,0.355,0.331,0.310,0.355,0.290,0.360,0.344,0.316,nan,
nan,nan,nan,0.269,nan,nan,0.323,0.325,0.336,0.403,
