118.500,193.000,83.500,387.000,0.000,0.000,0.000,115.875,249.000,229.500,
81.000,114.231,136.773,133.050,33.429,166.941,0.000,96.857,nan,0.000,
111.818,132.000,107.500,107.182,172.000,257.000,nan,nan,0.000,106.200,
150.529,125.132,172.900,52.200,108.643,117.857,0.000,nan,nan,111.000,
166.625,144.730,155.362,76.667,103.080,0.000,0.000,nan,nan,130.286,
158.786,94.100,122.143,94.500,87.333,58.000,133.400,145.625,66.000,0.000,
63.000,193.714,157.714,34.875,104.426,135.429,142.500,169.059,154.286,81.000,
65.000,nan,0.000,161.000,170.870,124.667,195.000,122.000,208.800,nan,
133.000,137.455,75.429,111.000,0.000,0.000,106.714,104.870,132.600,0.000,
80.100,42.000,72.250,0.000,nan,0.000,nan,0.000,nan,85.714,
