nan,0.406,0.312,0.312,nan,nan,0.312,0.300,0.371,0.438,
0.438,nan,0.625,0.287,0.391,nan,nan,0.396,0.335,nan,
0.312,nan,0.438,0.469,0.370,nan,0.325,0.281,0.250,0.188,
0.279,0.302,0.375,0.352,0.325,0.125,nan,0.438,0.375,nan,
0.271,0.350,0.308,0.366,0.354,0.438,0.359,0.562,nan,0.500,
0.357,0.337,0.330,0.355,0.438,0.385,0.405,0.331,0.312,0.346,
0.346,0.318,0.330,0.332,0.323,0.326,0.309,0.312,0.344,0.368,
0.308,0.356,0.342,0.306,0.393,0.287,0.500,0.344,0.329,0.324,
0.325,0.375,0.306,0.333,0.406,0.322,0.362,0.298,0.312,0.297,
0.300,0.281,0.328,0.375,nan,0.438,0.308,0.331,0.350,nan,
