nan,0.500,0.302,0.287,nan,nan,0.250,0.304,0.354,0.312,
0.375,nan,0.500,0.381,0.359,nan,nan,0.354,0.347,nan,
0.417,nan,0.500,0.375,0.344,nan,0.331,0.359,0.354,0.375,
0.327,0.344,0.338,0.328,0.350,0.250,nan,0.188,0.312,nan,
0.329,0.346,0.370,0.344,0.302,0.344,0.367,0.219,nan,0.188,
0.330,0.334,0.290,0.320,0.406,0.375,0.372,0.394,0.188,0.351,
0.351,0.281,0.322,0.312,0.331,0.348,0.340,0.308,0.344,0.357,
0.353,0.331,0.324,0.306,0.415,0.279,0.375,0.344,0.355,0.324,
0.287,0.312,0.347,0.271,0.375,0.324,0.362,0.365,0.312,0.359,
0.325,0.312,0.336,0.250,nan,0.302,0.312,0.344,0.300,nan,
