0.367,0.327,0.320,0.281,nan,nan,nan,0.438,0.278,0.278,
0.281,0.347,0.326,nan,nan,0.318,nan,0.438,0.292,0.384,
0.275,0.375,0.331,0.438,nan,0.341,0.188,0.375,0.263,0.339,
0.312,0.339,0.293,0.289,0.438,0.312,nan,0.312,0.380,0.125,
0.312,0.406,0.375,0.500,0.375,0.375,0.469,0.352,0.306,0.319,
0.329,0.365,0.344,0.344,0.333,0.304,0.430,0.312,0.272,0.316,
0.357,0.232,0.344,0.312,0.375,0.341,0.219,0.298,0.267,0.359,
0.271,0.295,0.359,0.359,0.328,0.250,0.312,0.338,0.316,0.396,
0.438,0.312,0.369,0.250,nan,nan,0.531,0.304,0.338,0.406,
0.269,0.281,0.297,nan,nan,nan,nan,0.319,0.329,0.375,
