nan,66.600,77.842,231.000,0.000,nan,104.250,169.222,46.500,nan,
nan,36.000,181.435,147.857,220.500,nan,nan,nan,195.000,nan,
118.500,137.800,0.000,74.250,91.200,nan,nan,nan,nan,300.000,
147.818,151.750,116.647,269.250,141.000,237.500,nan,nan,nan,174.000,
149.690,134.172,143.875,154.714,252.000,0.000,0.000,240.000,0.000,240.000,
134.750,141.031,158.333,109.800,138.000,0.000,136.500,0.000,0.000,98.769,
90.000,111.562,106.161,81.857,147.828,48.000,138.000,206.250,201.600,105.500,
106.500,84.857,70.385,186.000,85.000,79.091,72.000,128.000,144.875,104.429,
191.684,162.000,196.000,nan,nan,69.462,175.667,152.250,60.600,144.000,
216.333,0.000,114.462,182.250,0.000,99.857,0.000,0.000,nan,53.143,
