0.453,0.338,0.347,0.296,0.312,nan,0.375,0.391,0.250,nan,
0.312,0.292,0.329,0.326,nan,0.333,0.367,nan,nan,nan,
0.188,0.396,0.315,0.348,0.250,0.305,0.323,nan,0.125,0.335,
0.312,0.367,0.320,0.297,0.375,0.281,0.188,nan,0.375,0.325,
0.271,nan,0.292,0.410,nan,0.375,nan,0.406,0.266,0.321,
0.319,0.312,0.268,0.361,0.358,0.297,nan,0.281,0.340,0.264,
0.336,0.307,0.290,0.322,0.356,0.250,0.188,0.345,0.289,0.344,
nan,0.339,0.312,0.391,0.287,nan,nan,0.375,0.335,0.366,
0.263,nan,0.367,0.353,0.125,nan,0.263,0.438,0.297,0.388,
0.427,0.320,0.316,0.232,nan,nan,nan,0.317,0.317,0.354,
