0.365,0.327,0.340,0.319,0.312,0.344,0.312,0.250,0.438,0.296,
0.312,0.348,0.299,0.359,0.250,0.330,0.469,0.469,0.312,0.287,
0.312,0.325,0.349,0.318,0.375,0.389,0.312,0.250,0.266,0.312,
0.312,0.312,0.500,0.250,0.302,0.335,0.500,0.385,0.281,0.292,
0.344,0.346,0.262,0.354,0.312,nan,0.312,0.306,0.359,0.292,
0.330,0.279,0.327,0.333,0.328,0.344,nan,0.500,0.283,0.351,
0.338,0.320,0.350,0.332,0.292,nan,nan,0.336,0.323,0.333,
0.359,0.352,0.273,0.352,0.250,0.333,0.302,0.341,nan,0.375,
0.312,0.438,0.333,0.357,nan,nan,0.312,0.329,0.312,0.379,
0.336,0.344,0.389,0.250,0.312,nan,nan,0.188,0.312,0.370,
