nan,0.300,0.326,0.240,0.312,nan,0.344,0.361,0.328,nan,
nan,0.312,0.288,0.290,0.312,nan,nan,nan,0.350,nan,
0.306,0.321,0.333,0.328,0.350,nan,nan,nan,nan,0.281,
0.330,0.349,0.327,0.297,0.375,0.365,nan,nan,nan,0.469,
0.353,0.336,0.344,0.375,0.297,0.188,0.312,0.438,0.438,0.312,
0.323,0.314,0.347,0.356,0.375,0.438,0.359,0.188,0.375,0.298,
0.406,0.357,0.331,0.339,0.336,0.328,0.333,0.359,0.362,0.352,
0.307,0.366,0.245,0.375,0.344,0.339,0.333,0.333,0.357,0.336,
0.349,0.344,0.385,nan,nan,0.329,0.319,0.348,0.350,0.375,
0.299,0.438,0.346,0.422,0.312,0.304,0.188,0.250,nan,0.268,
