0.295,0.438,nan,0.312,0.354,0.500,0.318,0.325,nan,0.366,
0.316,0.361,0.333,0.344,nan,0.363,0.362,0.531,0.375,nan,
0.316,0.356,0.289,nan,nan,0.370,0.281,0.362,0.381,0.304,
0.342,0.487,0.396,0.312,0.364,0.352,0.312,0.375,0.297,0.266,
0.328,0.229,0.366,0.321,0.310,0.411,0.341,0.328,0.348,0.336,
0.312,0.344,0.336,0.337,0.333,0.329,0.312,0.275,0.381,0.281,
0.188,0.203,0.375,0.365,0.325,0.312,nan,0.312,0.370,nan,
0.250,0.344,0.312,0.380,0.312,nan,0.406,0.302,0.406,0.375,
nan,0.287,nan,nan,nan,nan,nan,nan,nan,0.344,
0.366,0.366,0.125,nan,nan,nan,nan,0.500,0.438,0.321,
