0.422,0.295,0.333,0.357,0.250,0.362,0.312,0.391,nan,nan,
nan,0.375,0.319,0.339,0.406,0.287,0.344,0.250,nan,0.354,
0.263,0.351,0.319,0.362,0.375,0.307,0.250,nan,nan,0.349,
0.312,0.271,0.291,0.333,nan,0.312,nan,nan,0.406,0.295,
0.312,nan,0.396,0.304,0.338,0.438,nan,0.250,0.360,0.320,
0.338,0.375,0.359,0.330,0.271,0.328,0.250,0.362,0.338,0.319,
0.295,0.350,0.322,0.341,0.273,0.417,0.438,0.351,0.325,0.350,
0.359,0.417,0.324,0.405,0.325,0.344,0.375,0.302,0.312,0.351,
0.355,0.328,0.375,0.237,nan,0.312,0.338,0.344,0.312,0.393,
0.389,0.359,0.351,0.370,0.250,0.375,0.354,0.312,0.455,nan,
