nan,nan,0.312,0.312,nan,nan,nan,0.312,0.359,nan,
nan,nan,0.312,0.344,0.500,nan,nan,0.208,0.317,nan,
nan,nan,nan,0.375,0.469,nan,0.312,0.362,nan,nan,
0.250,0.305,0.305,0.358,0.304,nan,nan,nan,0.375,nan,
0.396,0.324,0.287,0.309,0.369,0.188,0.260,0.516,0.469,0.375,
0.329,0.339,0.403,0.414,0.402,0.396,0.341,0.336,nan,0.425,
0.351,0.327,0.330,0.348,0.322,0.297,0.500,0.406,0.438,0.335,
0.347,0.342,0.347,0.302,0.348,0.331,0.500,0.333,0.275,0.345,
0.290,0.531,0.378,0.357,0.328,0.336,0.337,0.345,0.333,0.323,
0.323,0.208,0.302,0.125,0.250,0.362,0.375,0.333,0.396,nan,
