nan,nan,nan,0.327,0.226,nan,nan,0.366,0.371,nan,
nan,nan,nan,nan,nan,nan,nan,0.290,0.340,nan,
nan,nan,0.355,nan,nan,nan,nan,0.355,0.296,0.355,
nan,0.290,0.328,0.387,nan,nan,0.323,0.334,0.334,0.296,
0.323,0.290,0.323,0.306,0.339,0.327,0.368,0.305,0.321,nan,
0.312,0.328,0.327,0.338,0.340,nan,0.387,0.387,nan,0.435,
0.342,0.310,0.302,0.338,0.303,0.323,0.290,0.194,0.371,0.363,
0.351,0.324,0.320,0.347,0.345,0.258,0.355,0.373,nan,0.355,
0.355,0.330,0.330,0.337,0.325,0.355,0.330,0.369,0.366,0.318,
0.387,nan,0.374,0.312,nan,nan,0.303,0.328,0.332,0.306,
