0.355,nan,0.313,0.323,0.299,0.280,0.292,0.360,nan,0.290,
0.346,0.301,0.318,0.484,0.290,0.319,0.345,nan,nan,0.258,
0.301,0.321,0.338,0.355,0.373,0.342,0.277,0.323,0.347,nan,
0.323,0.387,0.441,0.333,0.345,0.348,0.355,0.290,0.290,nan,
0.376,0.323,0.382,0.341,0.325,0.350,0.339,0.313,0.315,0.337,
nan,0.304,0.337,0.321,0.340,0.326,0.333,0.315,0.335,0.331,
nan,0.317,0.355,0.326,0.345,0.331,nan,0.374,0.285,0.258,
0.319,0.340,0.419,0.355,0.312,0.342,0.323,0.339,0.452,0.387,
0.290,0.348,nan,0.323,0.306,nan,0.516,nan,nan,0.265,
0.355,0.484,nan,nan,0.226,nan,0.435,nan,0.331,0.352,
