0.337,0.311,0.328,0.312,nan,0.375,nan,nan,0.250,0.298,
0.312,0.335,0.335,0.422,0.188,0.315,0.375,nan,nan,0.312,
0.402,0.321,0.325,0.339,0.375,0.319,0.229,nan,0.365,0.341,
0.391,0.354,0.188,nan,0.250,0.357,0.321,0.469,0.312,0.328,
0.329,0.354,nan,0.312,0.500,0.562,0.348,0.340,0.448,0.316,
0.312,0.344,0.312,0.346,0.335,0.281,nan,0.359,0.332,0.364,
0.360,0.301,0.320,0.349,0.271,0.333,0.266,0.286,0.369,0.328,
0.347,0.271,0.341,0.367,0.219,0.319,0.309,0.281,0.258,0.312,
0.375,0.375,0.188,0.500,nan,nan,0.375,0.305,0.359,0.281,
0.324,0.338,0.349,0.328,nan,nan,nan,0.312,0.379,0.312,
