0.353,0.314,0.301,0.406,nan,nan,nan,0.250,0.321,0.341,
nan,0.336,0.371,0.375,nan,0.406,nan,0.344,0.321,0.305,
0.312,0.306,0.359,0.271,nan,0.312,nan,0.305,0.324,0.316,
0.250,0.500,0.357,0.271,0.438,nan,nan,0.281,0.312,0.388,
0.340,nan,nan,0.281,0.417,0.312,0.375,0.277,0.346,0.361,
0.319,0.271,0.344,0.358,0.354,0.396,0.358,0.306,0.328,0.364,
0.278,0.306,0.344,nan,0.312,0.341,0.312,0.336,0.287,0.254,
0.396,0.305,0.319,0.375,0.438,0.323,0.286,0.350,0.293,0.281,
0.354,0.344,0.362,nan,nan,nan,0.562,0.316,0.331,0.323,
0.350,0.362,0.327,0.312,nan,nan,nan,0.350,0.331,0.312,
