nan,0.264,0.341,0.383,nan,0.285,0.332,0.225,nan,nan,
0.260,0.319,0.321,0.312,0.294,0.227,0.306,0.357,0.344,nan,
nan,0.321,0.347,0.333,0.368,0.361,0.312,0.312,0.300,0.225,
0.304,0.375,0.352,0.350,0.188,0.350,nan,0.344,0.335,0.448,
0.266,nan,0.250,0.293,0.412,nan,nan,0.354,0.349,0.303,
0.354,0.188,0.333,0.306,0.323,0.375,nan,0.341,0.330,0.323,
0.324,0.344,0.458,0.271,0.321,0.469,0.287,0.312,0.312,0.344,
0.332,0.391,0.438,0.350,0.362,0.362,0.411,0.312,nan,0.292,
0.367,0.359,0.125,0.219,nan,0.271,nan,0.354,0.359,0.347,
0.312,0.453,0.342,0.322,0.338,nan,0.312,0.266,nan,0.325,
