nan,nan,88.071,126.000,nan,nan,0.000,102.000,71.812,0.000,
nan,nan,0.000,167.455,nan,nan,nan,51.500,176.667,nan,
204.000,0.000,nan,219.000,132.375,nan,193.000,122.571,137.400,nan,
182.667,113.053,90.429,68.842,129.375,0.000,nan,nan,86.000,0.000,
109.000,166.091,111.500,116.143,179.000,nan,94.500,157.000,0.000,nan,
104.045,143.152,124.875,110.864,nan,170.000,121.000,164.400,0.000,309.000,
138.462,156.750,133.594,104.160,158.000,178.500,215.000,235.800,nan,111.273,
92.688,85.588,92.143,74.667,92.000,181.385,nan,21.000,145.615,128.864,
66.000,0.000,127.846,138.750,71.000,148.452,56.000,78.947,60.000,165.000,
41.571,162.000,84.000,0.000,nan,31.500,134.750,118.800,68.400,0.000,
