nan,nan,nan,nan,nan,nan,138.000,110.000,209.000,nan,
nan,nan,nan,nan,0.000,0.000,168.600,174.000,140.308,0.000,
0.000,nan,nan,0.000,nan,nan,273.000,61.500,140.250,128.500,
nan,126.000,61.286,84.900,0.000,0.000,0.000,134.077,162.300,162.000,
112.364,130.650,92.000,151.000,188.250,188.000,126.000,112.698,14.667,62.250,
98.550,98.778,109.829,110.581,116.318,120.429,74.571,66.857,181.941,83.333,
128.291,189.692,107.118,132.600,105.000,116.375,nan,33.750,0.000,108.429,
143.400,104.143,111.174,128.914,58.800,149.684,0.000,0.000,nan,133.200,
nan,0.000,131.167,95.000,109.286,nan,90.923,136.500,128.100,nan,
0.000,nan,0.000,213.000,0.000,0.000,122.400,269.400,152.812,0.000,
