0.366,nan,0.438,0.338,0.312,0.281,0.285,0.375,nan,0.367,
0.319,0.290,0.322,0.312,0.417,0.385,0.417,nan,nan,nan,
0.324,0.328,0.358,0.188,0.281,0.290,0.344,0.375,0.406,0.300,
0.319,0.328,0.357,0.325,0.330,0.331,0.396,0.344,0.317,0.229,
0.292,0.312,0.305,0.316,0.356,0.333,0.333,0.351,0.296,0.296,
0.323,0.309,0.330,0.342,0.312,0.351,0.290,0.344,0.312,0.375,
0.188,0.297,0.417,0.337,0.315,0.208,0.250,0.406,0.344,0.562,
0.289,0.333,0.688,0.292,0.328,0.438,0.275,0.347,0.438,nan,
0.312,0.361,nan,nan,0.250,nan,nan,0.312,nan,0.406,
0.269,0.287,nan,nan,nan,nan,0.500,nan,0.250,0.312,
