0.375,0.562,nan,0.500,0.275,0.384,0.295,0.299,0.299,0.125,
0.277,nan,nan,nan,0.354,0.322,0.331,0.281,0.438,0.281,
0.277,nan,nan,0.188,0.314,0.362,0.312,0.292,0.328,nan,
0.304,0.250,nan,0.348,0.324,0.259,0.344,0.305,0.339,0.562,
0.329,0.359,0.438,0.351,0.293,0.347,0.346,0.362,0.271,0.398,
0.379,0.420,0.331,0.346,0.320,0.362,0.335,0.348,0.350,0.338,
0.285,0.359,0.302,0.330,0.359,0.344,0.292,0.368,0.361,0.305,
0.319,0.250,nan,0.438,0.266,0.341,0.344,0.250,0.379,0.281,
0.337,nan,nan,nan,nan,0.375,0.375,0.250,0.351,0.312,
0.406,nan,nan,nan,0.250,nan,nan,0.406,0.317,0.316,
