nan,0.375,0.388,nan,nan,0.312,0.333,0.342,0.291,0.406,
0.344,0.318,0.306,0.312,0.344,0.167,0.324,0.304,0.381,0.375,
0.287,0.327,0.312,0.370,0.330,0.365,0.367,0.312,0.393,0.292,
0.281,0.328,0.293,0.307,0.345,0.330,0.354,nan,0.438,nan,
0.312,0.346,0.344,0.271,0.375,0.302,0.250,0.277,0.325,0.263,
0.344,0.360,0.368,0.286,nan,0.375,0.281,0.359,0.344,0.312,
0.340,0.286,0.375,0.365,0.359,0.188,0.271,0.317,0.306,0.275,
0.375,nan,nan,0.250,0.324,0.300,0.294,0.312,0.331,0.250,
0.312,0.562,0.312,0.333,0.321,0.340,0.333,nan,0.312,0.375,
0.188,0.406,nan,0.125,0.300,0.301,0.188,0.319,0.300,0.366,
