0.312,0.325,0.289,0.324,0.375,nan,nan,nan,nan,nan,
0.300,0.338,0.312,0.250,0.375,nan,nan,0.375,0.338,0.312,
0.299,0.375,0.274,0.375,nan,nan,0.562,0.237,0.342,0.396,
0.316,0.281,0.329,0.469,nan,nan,0.312,0.319,0.316,0.332,
0.320,0.328,0.324,0.279,0.438,nan,nan,nan,0.281,0.341,
0.356,0.318,0.383,0.438,nan,nan,nan,0.312,0.312,0.339,
0.315,0.337,0.357,0.333,nan,nan,0.292,0.403,nan,0.286,
0.357,0.334,0.361,0.438,nan,0.271,0.339,0.296,0.361,0.323,
0.332,0.363,0.328,0.263,0.365,0.312,0.312,0.298,0.300,0.290,
0.339,0.354,0.326,0.338,0.273,nan,nan,nan,0.344,nan,
