0.330,0.354,0.366,0.297,0.341,0.340,0.306,0.308,nan,0.344,
0.320,0.312,0.354,0.309,0.348,0.361,0.229,0.375,nan,0.375,
0.323,0.438,nan,0.292,0.334,0.331,0.350,nan,nan,nan,
nan,nan,nan,0.391,0.350,0.417,0.250,nan,nan,nan,
0.344,0.323,0.375,nan,0.406,nan,nan,nan,0.438,0.338,
0.375,0.348,0.219,nan,0.323,nan,nan,nan,0.269,0.271,
0.350,0.260,0.438,0.250,0.328,0.375,0.312,0.375,0.349,0.354,
0.338,0.312,0.335,0.375,0.359,0.250,0.375,0.438,0.250,0.375,
0.229,0.352,0.328,0.338,0.347,0.385,0.316,0.219,nan,0.292,
0.312,0.312,0.412,0.378,0.344,0.325,0.325,0.353,0.438,0.438,
