nan,0.312,0.367,0.375,0.359,0.312,0.125,0.387,0.334,0.327,
nan,0.319,0.298,0.300,0.375,0.406,0.329,0.292,0.358,0.400,
nan,0.398,0.219,0.285,0.327,0.275,0.250,nan,0.250,0.250,
0.312,0.304,0.396,0.326,0.292,0.322,0.344,nan,nan,nan,
0.354,0.364,0.271,0.320,0.292,0.333,0.500,0.356,0.294,0.338,
0.328,0.282,0.328,0.321,0.400,0.358,0.362,0.328,0.299,0.345,
0.350,0.292,0.375,0.348,0.345,0.292,0.312,0.355,0.370,0.312,
0.188,nan,nan,0.367,0.328,0.333,0.458,0.338,0.362,0.339,
0.338,0.250,0.438,0.352,0.332,0.312,0.328,0.287,0.312,0.340,
0.223,0.250,0.344,0.344,0.354,0.412,nan,0.312,0.365,0.345,
