nan,0.328,0.375,nan,nan,0.359,0.312,0.342,0.319,0.266,
0.344,0.369,0.336,0.250,0.188,0.396,0.342,0.312,0.311,0.438,
0.287,0.322,0.312,0.317,0.318,0.354,0.344,0.438,0.366,0.333,
0.406,0.328,0.355,0.295,0.283,0.315,0.271,nan,0.312,nan,
0.347,0.346,0.286,0.417,0.320,0.355,0.354,0.312,0.300,0.325,
0.292,0.360,0.285,0.365,nan,0.287,0.312,0.307,0.344,0.438,
0.299,0.344,0.396,0.365,0.344,0.250,0.354,0.338,0.350,0.350,
0.344,nan,nan,0.250,0.393,0.329,0.336,0.375,0.324,0.312,
0.323,0.375,0.500,0.333,0.354,0.358,0.354,nan,0.500,0.344,
0.406,0.312,nan,0.375,0.188,0.335,0.406,0.319,0.375,0.377,
