0.325,0.375,0.326,0.333,nan,nan,0.396,nan,nan,0.531,
0.353,0.350,0.297,nan,nan,nan,nan,nan,nan,0.323,
0.396,0.344,nan,0.188,nan,nan,nan,nan,nan,0.406,
0.330,nan,0.463,0.281,0.375,nan,nan,0.281,0.438,0.328,
0.290,0.361,0.330,0.312,0.303,nan,nan,nan,0.321,0.326,
0.332,0.350,0.382,0.250,0.385,0.354,0.250,0.281,0.297,0.325,
0.308,0.323,0.367,0.375,0.292,0.312,0.438,nan,0.299,0.339,
0.331,0.393,0.360,0.311,0.393,0.260,0.125,0.367,0.307,0.335,
0.330,0.330,0.353,0.425,0.412,0.329,0.312,nan,0.312,0.302,
0.344,0.312,0.304,0.328,0.354,0.295,0.271,nan,nan,0.292,
