0.438,0.344,0.338,0.188,0.330,0.312,0.438,0.255,0.354,0.338,
nan,0.266,0.316,0.375,0.292,0.266,0.375,0.188,0.349,0.375,
0.375,0.287,0.438,0.309,0.338,nan,0.438,nan,nan,nan,
0.330,0.336,0.284,0.329,0.290,0.336,nan,nan,0.438,0.250,
0.330,0.316,0.304,0.312,0.312,0.358,0.250,0.308,0.398,0.375,
0.348,0.345,0.344,0.308,0.281,0.278,0.375,0.347,0.338,0.328,
0.312,0.375,0.250,0.327,0.338,0.304,0.312,0.347,0.352,nan,
nan,nan,0.312,0.319,0.319,0.292,0.188,0.342,0.335,0.292,
0.354,0.312,0.188,0.316,0.372,0.281,0.250,0.422,0.438,0.278,
0.359,nan,0.406,nan,0.295,0.344,nan,0.281,0.406,0.328,
