66.360,85.154,72.429,223.000,nan,nan,nan,nan,nan,0.000,
120.857,63.000,144.409,0.000,nan,nan,nan,nan,nan,nan,
185.400,130.125,240.857,75.000,nan,nan,nan,0.000,179.000,0.000,
141.857,156.000,160.688,120.360,nan,nan,nan,0.000,158.132,169.235,
136.667,143.842,138.214,139.500,nan,nan,0.000,nan,176.400,127.929,
124.440,141.150,123.923,204.000,182.250,0.000,187.800,0.000,158.654,44.250,
159.818,115.929,147.857,128.400,273.000,0.000,nan,123.000,93.316,129.000,
148.500,121.132,142.579,81.000,nan,183.000,81.545,94.385,155.870,163.636,
124.154,102.250,39.667,163.200,nan,171.600,95.400,128.211,180.000,126.257,
96.273,360.000,90.000,555.000,nan,nan,nan,nan,159.000,115.500,
