0.562,0.354,0.299,0.362,0.345,0.333,nan,nan,nan,nan,
nan,0.312,0.219,0.361,0.342,0.375,nan,0.438,nan,0.350,
nan,nan,nan,0.250,0.312,nan,nan,0.338,0.319,0.337,
0.312,0.438,nan,0.438,nan,nan,nan,nan,nan,0.352,
0.135,0.388,0.312,0.241,nan,nan,nan,nan,0.562,0.331,
0.269,0.312,0.297,0.301,0.375,nan,0.500,0.438,0.310,0.340,
0.406,0.326,0.288,0.312,0.500,0.500,0.297,0.329,0.312,0.325,
nan,0.385,0.500,0.385,0.250,0.334,0.312,0.211,0.375,0.396,
0.266,0.312,0.385,0.336,0.323,0.342,0.356,0.281,0.312,0.325,
0.354,0.319,0.295,0.332,0.306,0.325,0.357,0.438,0.385,0.250,
