nan,0.334,0.331,0.333,0.311,0.353,0.295,0.321,0.188,nan,
nan,0.458,0.375,0.347,0.304,0.304,0.312,nan,0.321,nan,
nan,0.281,0.438,0.469,0.357,nan,0.312,0.417,0.350,0.438,
0.250,0.340,0.332,0.375,0.344,0.438,nan,0.250,0.312,0.375,
0.292,0.381,0.188,0.375,nan,nan,nan,0.500,0.393,0.306,
0.317,0.344,0.188,0.315,0.250,nan,nan,nan,0.315,0.348,
0.271,0.365,0.330,0.397,0.365,nan,nan,0.422,0.399,0.312,
0.479,0.332,0.320,0.354,0.225,0.375,0.371,0.312,0.219,0.375,
0.688,0.352,0.292,0.383,0.355,0.331,0.366,0.396,nan,nan,
nan,0.299,0.349,0.319,0.369,0.316,0.344,0.344,nan,nan,
