nan,124.000,149.000,131.791,131.278,122.602,207.000,0.000,166.000,nan,
nan,119.000,151.500,151.688,131.824,136.500,0.000,0.000,124.826,0.000,
0.000,0.000,nan,146.438,154.950,237.000,nan,125.824,205.500,140.143,
nan,157.412,106.412,103.125,186.750,nan,nan,0.000,nan,0.000,
52.000,202.500,74.250,nan,nan,nan,nan,162.000,113.250,0.000,
169.731,18.000,114.643,182.250,120.000,nan,nan,0.000,115.091,120.692,
184.800,178.286,155.571,182.471,0.000,nan,nan,0.000,163.200,nan,
78.200,159.300,183.750,116.000,0.000,105.250,75.000,0.000,nan,127.000,
69.000,117.000,378.000,115.333,53.625,141.926,194.400,72.000,0.000,0.000,
nan,242.400,107.400,98.267,127.658,149.611,123.833,0.000,70.500,nan,
