0.372,0.339,0.328,0.339,0.329,0.363,0.357,0.274,nan,0.194,
0.380,0.339,0.334,0.314,0.346,0.315,0.332,nan,nan,nan,
0.351,nan,0.347,0.384,0.332,0.361,0.333,nan,nan,0.419,
0.419,nan,nan,0.326,0.359,0.339,nan,nan,nan,nan,
0.329,0.344,nan,0.312,0.317,0.313,0.355,nan,nan,0.342,
nan,0.325,0.194,0.258,0.316,0.290,nan,0.376,nan,0.366,
0.371,0.306,0.387,0.346,0.327,0.369,0.306,0.371,0.355,0.337,
0.355,0.352,0.306,0.337,0.384,0.313,0.300,0.387,0.327,0.359,
0.355,0.300,0.335,0.351,0.302,0.375,0.357,nan,0.290,0.317,
0.323,0.323,0.348,0.301,0.339,0.347,0.325,0.329,0.305,0.306,
