0.387,0.258,0.353,0.331,0.320,0.324,0.350,nan,0.348,nan,
0.355,nan,0.323,0.325,0.313,0.297,0.323,0.269,0.311,nan,
0.355,0.290,nan,0.276,0.329,nan,nan,0.293,0.320,0.316,
0.333,0.349,0.310,0.339,0.452,nan,nan,nan,0.242,0.326,
0.355,0.306,0.328,0.312,nan,nan,nan,nan,0.355,0.441,
0.366,0.327,0.344,0.358,0.339,nan,nan,nan,0.362,0.328,
0.355,0.403,0.331,0.350,0.258,0.194,nan,nan,0.331,0.284,
0.302,0.343,0.468,0.258,0.387,0.333,nan,0.373,0.308,0.333,
0.366,0.327,0.290,0.361,0.355,0.342,0.335,0.284,nan,0.339,
nan,0.379,0.344,0.328,0.335,0.326,0.380,0.548,0.274,nan,
