nan,0.417,0.417,0.339,0.324,0.344,nan,nan,nan,nan,
0.312,0.281,0.375,0.438,0.250,nan,nan,nan,0.354,nan,
0.325,0.125,0.255,0.250,nan,nan,nan,0.365,0.326,0.341,
0.335,0.297,0.351,0.333,0.312,nan,0.333,0.396,0.323,0.340,
0.296,0.316,0.340,0.332,0.250,nan,nan,0.375,0.263,0.294,
0.362,0.392,0.396,0.324,nan,nan,nan,0.396,0.382,0.271,
0.373,0.359,0.342,0.388,nan,0.188,0.375,0.346,0.219,0.312,
0.312,0.339,0.293,0.375,0.344,nan,0.330,0.279,0.299,0.208,
0.307,0.337,0.286,0.354,0.349,0.346,0.340,0.396,0.362,0.337,
0.312,0.328,0.349,0.316,0.352,0.250,0.312,nan,0.375,0.219,
