0.335,0.375,0.379,0.302,0.320,0.353,0.362,0.234,nan,nan,
0.381,nan,0.287,0.381,0.286,0.311,0.288,0.300,nan,0.250,
nan,nan,0.281,0.351,0.361,0.338,0.319,0.250,nan,nan,
nan,nan,nan,0.475,0.288,0.332,nan,nan,nan,0.500,
0.219,0.344,nan,nan,0.312,0.312,nan,0.312,nan,0.331,
0.625,0.316,0.500,nan,0.295,0.312,nan,0.312,0.289,0.375,
nan,0.287,0.281,0.236,0.324,0.312,0.375,0.391,0.375,0.332,
0.188,0.304,0.364,0.371,0.333,0.326,0.263,nan,0.367,0.297,
nan,0.352,0.278,0.330,0.358,0.362,0.327,0.188,0.344,0.389,
0.500,0.429,0.301,0.316,0.320,0.328,0.304,0.382,0.281,0.375,
