115.800,nan,nan,94.250,144.000,187.125,140.400,205.286,222.000,0.000,
106.875,nan,0.000,104.400,190.800,129.200,267.000,0.000,0.000,159.400,
110.308,285.000,162.000,143.550,177.000,202.600,171.000,0.000,nan,0.000,
170.571,nan,174.000,259.909,231.000,41.143,0.000,nan,nan,nan,
155.500,0.000,168.000,145.667,103.000,148.000,64.200,nan,nan,330.000,
179.571,120.692,178.500,137.867,138.522,187.400,81.000,nan,0.000,196.846,
100.800,91.957,156.724,127.435,124.846,88.333,118.000,0.000,121.000,126.273,
98.500,108.000,132.000,36.000,146.750,150.849,154.235,165.600,120.375,192.857,
0.000,162.000,313.125,270.000,91.800,155.217,0.000,nan,218.000,0.000,
130.875,151.875,122.077,144.400,129.391,120.960,276.000,nan,166.714,nan,
