0.312,0.362,0.281,0.294,nan,nan,nan,nan,nan,0.188,
nan,0.384,0.350,0.312,nan,nan,nan,nan,0.312,0.188,
0.469,0.388,0.298,0.250,nan,nan,nan,0.312,0.332,0.354,
0.321,0.292,0.314,0.292,nan,nan,0.375,0.344,0.326,0.340,
0.323,0.225,0.336,0.347,nan,nan,nan,0.375,0.333,0.305,
0.290,0.406,0.355,0.391,nan,0.500,0.156,0.450,0.364,0.307,
0.312,0.303,0.324,0.266,nan,nan,nan,0.281,0.359,0.354,
0.336,0.329,0.312,0.295,0.375,0.375,0.347,0.344,0.362,0.264,
0.389,0.335,0.328,0.353,0.341,0.320,0.438,0.394,0.357,0.321,
0.338,0.336,0.341,0.327,0.305,0.458,nan,0.250,0.375,0.367,
