139.417,0.000,134.333,198.000,nan,nan,121.000,nan,nan,165.000,
142.759,125.700,123.750,nan,nan,nan,nan,nan,nan,179.323,
171.000,39.000,nan,0.000,nan,nan,nan,nan,nan,261.000,
127.364,nan,10.800,15.000,0.000,nan,nan,102.000,65.250,80.250,
124.714,112.385,103.364,0.000,98.842,nan,nan,nan,254.143,114.667,
122.793,90.467,97.333,0.000,111.250,171.000,0.000,203.250,124.350,133.731,
132.231,111.207,124.031,141.600,116.000,105.600,0.000,nan,131.211,191.357,
171.900,143.143,110.803,122.719,296.571,202.500,0.000,186.938,91.143,150.600,
153.333,126.545,132.708,94.800,99.600,100.222,93.600,nan,0.000,71.250,
83.250,0.000,93.214,113.250,53.000,149.786,122.000,nan,nan,147.000,
