129.818,105.375,0.000,270.000,nan,0.000,0.000,103.667,132.429,121.200,
118.600,110.385,96.000,141.500,138.875,30.000,66.682,0.000,0.000,78.000,
76.000,101.400,140.400,0.000,0.000,nan,130.500,0.000,12.000,nan,
nan,63.938,91.312,72.000,66.500,nan,nan,nan,nan,0.000,
126.333,143.314,103.308,129.500,0.000,nan,50.400,0.000,56.000,111.667,
152.093,162.000,167.833,136.500,138.600,18.600,nan,nan,0.000,146.684,
139.811,140.595,144.316,31.714,112.154,112.200,nan,nan,0.000,115.000,
220.000,114.783,165.000,243.000,160.841,185.182,0.000,nan,nan,226.000,
161.500,132.000,nan,nan,163.875,0.000,91.071,0.000,nan,135.000,
64.000,88.615,nan,nan,nan,147.000,0.000,118.000,0.000,155.824,
