0.368,0.354,0.325,0.345,0.391,0.386,0.351,0.344,0.344,0.125,
0.316,0.500,0.412,0.348,0.336,0.315,0.390,0.354,nan,nan,
0.406,nan,0.266,0.367,0.321,0.333,0.396,0.312,nan,nan,
nan,nan,nan,0.330,0.335,0.287,0.375,nan,nan,0.500,
0.312,0.339,nan,0.125,0.324,0.266,nan,nan,nan,0.336,
nan,0.300,nan,0.375,0.286,nan,nan,0.302,0.438,0.391,
nan,0.344,0.375,0.306,0.307,0.406,0.312,0.354,0.333,0.307,
0.344,0.400,0.327,0.367,0.388,0.344,0.367,0.188,0.415,0.375,
0.375,0.358,0.375,0.353,0.327,0.321,0.318,0.094,0.625,0.424,
nan,0.312,0.337,0.295,0.359,0.332,0.338,0.338,0.312,0.375,
