0.312,0.297,0.321,0.312,nan,0.297,0.312,0.380,0.370,nan,
0.500,0.365,0.359,0.375,0.320,0.438,0.360,0.250,0.324,nan,
0.256,0.326,0.250,0.312,0.309,0.375,0.385,0.625,0.188,0.312,
0.312,0.319,0.327,0.312,0.305,0.352,0.307,nan,0.292,0.312,
0.361,0.322,0.359,0.302,0.352,0.327,0.287,0.562,0.356,0.287,
0.305,0.354,0.336,0.375,0.375,0.319,0.307,0.340,nan,nan,
0.347,0.296,0.354,0.375,0.337,0.375,0.312,0.322,0.312,0.338,
0.287,0.406,0.250,0.292,0.364,0.402,0.323,0.562,0.321,0.500,
0.359,0.188,nan,0.229,0.308,0.355,0.339,0.312,0.250,0.188,
0.414,0.438,0.375,0.438,0.375,0.349,0.271,0.292,0.358,0.344,
