0.307,0.305,0.500,nan,nan,nan,nan,nan,nan,0.375,
0.284,0.355,0.292,nan,nan,nan,nan,nan,0.500,nan,
0.375,0.263,0.281,nan,nan,nan,nan,nan,0.250,0.438,
0.281,nan,0.285,0.333,nan,nan,nan,nan,0.219,0.406,
0.271,nan,0.363,0.338,nan,0.250,nan,nan,0.366,0.318,
0.375,0.350,0.317,0.308,0.308,0.338,nan,nan,0.406,0.306,
0.323,0.335,0.329,0.396,0.250,0.396,0.312,0.330,0.375,0.344,
0.332,0.331,0.319,0.362,0.375,0.347,0.347,0.329,0.376,0.342,
0.307,0.323,0.354,0.312,0.357,0.329,nan,0.281,0.334,0.324,
0.344,0.339,0.279,0.333,0.469,nan,nan,nan,0.391,0.396,
