0.335,0.365,0.324,0.391,0.331,0.318,0.321,0.356,nan,0.328,
0.324,0.375,0.287,0.344,0.314,0.309,0.385,0.344,nan,0.188,
0.365,0.188,nan,0.358,0.375,0.312,0.263,nan,nan,nan,
nan,nan,nan,0.266,0.331,0.281,0.438,nan,nan,nan,
0.375,0.448,0.250,nan,0.266,nan,nan,nan,0.188,0.438,
0.250,0.280,0.281,nan,0.323,nan,nan,nan,0.362,0.292,
0.362,0.344,0.312,0.359,0.312,0.250,0.344,0.438,0.360,0.281,
0.281,0.348,0.273,0.326,0.344,0.328,0.293,0.188,0.400,0.350,
0.292,0.364,0.328,0.312,0.327,0.315,0.322,0.375,nan,0.406,
0.312,0.340,0.256,0.307,0.344,0.361,0.329,0.304,0.229,0.219,
