0.308,0.344,0.346,0.306,0.327,0.342,0.300,0.337,nan,0.331,
0.311,0.274,0.314,0.325,0.328,0.332,0.274,0.387,nan,0.387,
0.328,0.419,nan,0.314,0.335,0.316,0.387,nan,nan,nan,
nan,nan,nan,0.306,0.340,0.371,0.226,nan,nan,nan,
0.323,0.392,0.387,nan,0.419,nan,nan,nan,0.387,0.329,
0.371,0.330,0.274,nan,0.339,nan,nan,nan,0.316,0.376,
0.323,0.296,0.387,0.306,0.411,0.355,0.339,0.355,0.323,0.419,
0.323,0.306,0.320,0.357,0.363,0.218,0.342,0.387,0.258,0.310,
0.247,0.358,0.323,0.335,0.328,0.384,0.292,0.258,nan,0.285,
0.290,0.306,0.384,0.353,0.340,0.328,0.338,0.340,0.376,0.403,
