0.325,0.319,0.062,nan,0.188,0.250,0.359,0.315,0.406,0.359,
0.366,0.341,0.319,0.344,0.350,nan,0.312,nan,nan,0.281,
0.344,0.304,0.341,0.375,0.396,nan,0.412,0.438,0.281,0.340,
0.354,0.356,0.359,0.290,0.381,0.438,0.344,nan,nan,0.250,
0.295,0.359,0.332,0.309,0.344,0.188,0.332,nan,0.312,0.318,
0.333,0.329,0.344,0.375,0.297,0.375,nan,nan,0.305,0.299,
0.329,0.318,0.368,0.328,0.438,0.312,nan,0.312,0.292,0.338,
0.330,0.281,nan,0.463,0.347,0.336,0.326,0.375,0.322,0.325,
0.344,0.344,nan,nan,0.365,0.312,0.336,nan,0.333,0.312,
0.289,0.320,nan,nan,0.562,0.438,0.328,0.312,0.375,0.349,
