nan,0.312,0.275,nan,nan,0.359,0.354,0.312,0.322,0.422,
0.344,0.298,0.347,0.375,0.344,0.250,0.331,0.339,0.342,0.312,
0.375,0.361,0.344,0.346,0.328,0.312,0.297,0.250,0.357,0.361,
0.328,0.338,0.299,0.372,0.384,0.366,0.333,nan,0.281,nan,
0.319,0.303,0.396,0.229,0.344,0.322,0.260,0.348,0.338,0.412,
0.312,0.318,0.354,0.307,nan,0.381,0.297,0.365,0.281,0.312,
0.334,0.344,0.292,0.375,0.349,0.412,0.292,0.312,0.344,0.400,
0.250,nan,nan,0.344,0.307,0.333,0.340,0.312,0.379,0.375,
0.333,0.375,0.375,0.333,0.311,0.361,0.292,nan,0.250,0.297,
0.406,0.344,nan,0.500,0.362,0.369,0.281,0.369,0.325,0.328,
