0.287,0.333,0.294,0.326,0.351,0.333,0.438,nan,nan,0.208,
0.357,nan,0.422,0.258,0.300,0.312,0.275,nan,nan,0.500,
0.312,0.292,0.281,0.318,0.359,0.188,0.250,nan,nan,nan,
0.308,0.292,0.333,0.306,0.250,nan,0.469,nan,nan,0.312,
0.331,0.352,0.331,0.334,0.219,0.312,0.336,0.250,0.354,0.312,
0.328,0.359,0.396,0.375,0.325,nan,nan,0.330,0.277,0.290,
0.340,0.333,0.327,0.250,0.340,0.500,nan,nan,0.333,0.349,
0.336,0.366,0.241,0.438,0.281,0.306,nan,nan,0.375,0.309,
0.320,0.250,0.375,0.333,0.388,0.375,0.219,nan,0.312,0.312,
0.312,0.312,0.625,0.269,0.281,0.309,0.317,nan,nan,0.347,
