nan,0.278,0.370,0.354,0.352,0.328,0.359,nan,0.285,0.250,
0.219,0.312,0.347,0.354,0.312,0.299,0.354,0.312,0.369,nan,
0.438,0.500,0.333,0.317,0.337,0.355,0.344,nan,nan,0.562,
0.393,0.345,0.345,0.375,0.354,0.353,nan,nan,0.312,0.396,
0.350,0.310,0.315,0.300,0.266,0.353,0.219,0.318,0.357,0.312,
0.364,0.338,0.359,0.338,0.521,0.321,0.469,0.300,0.339,0.285,
0.312,0.354,nan,0.382,0.312,0.330,0.350,0.336,0.350,0.312,
0.156,0.188,0.375,0.324,0.287,0.317,0.314,0.338,0.438,0.438,
0.369,nan,nan,0.333,0.414,0.325,0.302,0.250,0.281,0.271,
0.312,0.500,nan,nan,0.438,0.250,nan,nan,0.219,0.344,
