0.375,0.350,0.358,0.330,0.344,0.338,0.351,nan,0.325,nan,
0.188,nan,0.188,0.308,0.344,0.362,0.188,0.354,0.339,nan,
0.333,0.312,nan,0.333,0.366,nan,nan,0.370,0.346,0.309,
0.333,0.367,0.306,0.250,0.250,nan,nan,nan,0.344,0.295,
0.188,0.219,0.391,0.375,nan,nan,nan,nan,0.469,0.333,
0.309,0.366,0.326,0.301,0.266,nan,nan,nan,0.322,0.341,
0.229,0.344,0.273,0.366,0.438,0.312,nan,nan,0.297,0.388,
0.306,0.344,0.188,0.438,0.312,0.333,nan,0.308,0.347,0.406,
0.333,0.268,0.375,0.306,0.286,0.354,0.352,0.400,nan,0.312,
nan,0.289,0.307,0.323,0.334,0.342,0.304,0.188,0.250,nan,
