0.329,0.323,0.500,nan,nan,nan,nan,nan,0.250,0.312,
0.327,0.280,0.295,0.375,nan,nan,nan,nan,nan,nan,
0.375,0.396,0.297,nan,nan,nan,nan,nan,0.375,0.312,
nan,0.417,0.344,0.344,nan,nan,nan,nan,0.406,0.362,
0.250,0.219,0.350,0.277,nan,nan,nan,0.250,0.367,0.302,
0.323,0.302,0.339,0.320,0.375,0.306,0.375,nan,0.388,0.353,
0.287,0.383,0.306,0.375,0.375,0.312,0.344,0.350,0.368,0.325,
0.339,0.293,0.353,0.292,0.347,0.351,0.312,0.337,0.357,0.326,
0.344,0.342,0.365,0.304,0.354,0.326,0.125,0.406,0.336,0.336,
0.375,0.375,0.375,0.406,0.354,nan,nan,nan,0.219,0.319,
