0.354,0.375,0.370,0.344,0.305,0.336,0.250,nan,nan,0.312,
0.367,nan,0.362,0.318,0.317,nan,0.333,nan,nan,0.354,
0.333,0.469,0.340,0.375,nan,nan,0.212,nan,nan,nan,
0.359,0.389,0.391,0.312,0.479,nan,nan,nan,0.438,nan,
0.343,0.331,0.362,0.375,0.401,0.344,0.375,0.420,0.312,0.302,
0.362,0.316,0.312,0.369,0.366,nan,nan,0.312,0.346,0.290,
0.336,0.347,0.352,0.339,0.325,nan,nan,nan,0.385,0.301,
0.351,0.344,0.338,0.344,nan,0.375,0.438,nan,0.396,0.305,
0.364,0.336,0.347,0.297,0.341,0.335,0.365,0.438,0.469,0.349,
0.312,0.281,0.417,0.331,0.277,0.332,0.330,0.250,nan,0.336,
