0.274,0.344,0.400,nan,nan,nan,nan,nan,nan,nan,
0.339,0.340,0.250,0.375,nan,nan,nan,nan,0.250,0.312,
0.271,0.375,nan,nan,nan,nan,nan,nan,0.338,nan,
0.375,nan,0.417,nan,nan,nan,nan,nan,0.375,0.293,
0.315,0.292,0.351,0.328,0.167,nan,nan,nan,0.349,0.322,
0.375,0.297,0.326,0.321,0.322,0.250,nan,0.250,0.323,0.292,
0.292,0.349,0.347,0.344,0.382,nan,0.125,0.351,0.370,0.324,
0.331,0.342,0.343,0.329,0.308,0.358,0.326,0.308,0.288,0.316,
0.335,0.312,0.351,0.312,0.321,0.208,0.250,0.266,0.380,0.320,
0.312,0.271,0.296,0.375,0.271,0.156,nan,nan,0.375,0.281,
