0.310,0.282,0.341,0.309,0.334,0.339,0.330,0.323,0.355,0.355,
0.312,nan,0.355,0.352,0.346,0.341,0.376,nan,nan,0.320,
0.363,0.301,0.381,0.352,0.355,0.341,0.371,0.258,nan,nan,
0.344,0.419,0.339,0.310,0.315,0.331,nan,nan,nan,nan,
0.332,0.301,0.161,0.329,0.331,0.309,0.258,nan,nan,0.387,
0.312,0.378,0.333,0.355,0.352,0.277,0.371,nan,0.290,0.336,
0.371,0.364,0.282,0.339,0.345,0.333,0.331,nan,0.374,0.326,
0.435,0.362,0.352,0.359,0.403,0.334,0.355,0.366,0.326,0.364,
0.419,0.305,0.355,0.323,0.323,0.342,0.371,0.242,0.323,0.355,
0.312,0.333,0.319,0.333,0.316,0.353,0.323,0.323,0.358,0.355,
