0.326,0.318,0.302,0.326,0.250,nan,nan,nan,nan,0.362,
0.330,0.336,0.389,nan,nan,nan,nan,nan,0.266,0.334,
0.305,0.312,nan,nan,nan,nan,nan,nan,nan,0.250,
0.347,0.312,0.219,nan,0.250,nan,nan,0.312,0.302,0.312,
0.342,0.324,0.335,0.344,0.344,nan,nan,0.287,0.333,0.306,
0.302,0.324,0.328,0.250,0.266,0.500,0.375,0.325,0.350,0.349,
0.346,0.271,0.359,0.350,0.375,nan,nan,0.250,0.359,0.333,
0.329,0.385,0.346,0.348,0.332,0.375,0.250,0.293,0.351,0.349,
0.356,0.420,0.331,0.339,0.375,0.292,nan,0.344,nan,0.406,
0.266,0.354,0.348,0.317,0.406,0.299,0.312,0.188,nan,0.562,
