0.338,0.333,0.339,0.347,0.319,0.312,0.351,0.234,0.562,0.344,
0.362,nan,0.354,0.267,0.339,0.365,0.250,nan,nan,0.304,
0.364,nan,0.333,0.330,0.350,0.335,0.271,nan,nan,0.438,
0.375,nan,nan,0.391,0.336,0.188,nan,nan,nan,nan,
0.352,0.281,nan,0.375,0.396,0.340,0.375,nan,nan,nan,
0.292,0.325,0.188,0.367,0.304,nan,nan,nan,0.438,0.281,
0.331,0.328,0.333,0.318,0.365,0.312,0.302,0.375,0.295,0.343,
0.292,0.393,0.382,0.308,0.281,0.293,0.348,0.458,0.306,0.334,
0.188,0.325,0.357,0.335,0.299,0.390,0.333,0.312,0.286,0.208,
0.417,0.375,0.364,0.332,0.293,0.335,0.326,0.362,0.346,0.292,
