nan,0.430,0.346,0.330,0.322,0.330,0.361,0.438,0.312,nan,
nan,0.271,0.340,0.336,0.290,0.341,0.500,0.219,0.308,0.312,
0.312,0.562,nan,0.304,0.312,0.250,0.406,0.391,0.299,0.328,
0.312,0.349,0.312,0.321,0.332,0.250,nan,nan,0.312,nan,
0.422,0.333,0.338,nan,nan,nan,nan,nan,0.338,0.312,
0.324,0.375,0.375,0.316,nan,nan,nan,nan,0.336,0.326,
0.297,0.500,0.404,0.331,nan,nan,nan,nan,0.312,0.188,
0.302,0.321,0.366,0.344,nan,0.312,0.388,nan,nan,0.375,
0.125,0.297,0.333,0.281,0.286,0.341,0.332,0.312,nan,nan,
nan,0.453,0.324,0.324,0.331,0.324,0.327,nan,0.300,0.375,
