0.387,0.333,0.336,0.302,0.334,0.364,0.345,0.319,0.323,nan,
nan,0.350,0.333,0.324,0.368,0.339,0.355,0.323,0.302,nan,
nan,0.484,0.548,0.303,0.340,nan,nan,nan,0.323,nan,
nan,0.306,0.323,nan,0.330,0.290,nan,nan,nan,nan,
0.336,0.302,0.409,nan,0.452,nan,nan,0.323,0.403,0.294,
0.333,0.318,0.339,0.325,0.315,nan,nan,0.306,0.325,0.330,
0.371,0.349,0.352,0.332,0.284,0.371,0.323,nan,0.274,0.328,
0.323,0.324,0.319,0.326,0.382,0.359,0.335,0.355,nan,nan,
nan,nan,0.348,0.294,0.381,0.329,0.333,0.309,nan,nan,
0.323,0.298,0.368,0.362,0.346,0.330,0.335,0.335,nan,0.355,
