0.242,0.306,0.280,0.316,0.314,0.387,nan,nan,nan,nan,
nan,nan,0.371,0.355,0.316,nan,nan,0.331,0.344,0.452,
0.323,0.355,0.316,0.269,nan,nan,nan,0.317,0.272,0.300,
0.361,0.314,0.336,0.315,nan,nan,0.290,0.349,0.338,0.328,
0.326,0.399,0.342,0.305,0.355,nan,nan,nan,0.352,0.319,
0.298,0.348,0.301,0.273,nan,nan,nan,0.323,0.321,0.315,
0.353,0.366,0.337,nan,nan,0.387,0.398,0.312,0.323,0.302,
0.309,0.329,0.335,0.419,nan,0.323,0.370,0.295,0.303,0.306,
0.354,0.330,0.357,0.366,0.368,0.304,0.346,0.357,0.317,0.355,
0.194,0.327,0.368,0.352,0.358,0.301,0.371,0.323,0.290,0.398,
