0.260,0.330,0.355,0.308,0.341,0.300,0.332,0.323,0.301,0.281,
0.375,0.393,0.327,0.336,0.309,0.318,nan,0.375,0.328,nan,
nan,0.281,0.438,0.305,0.288,0.323,nan,nan,0.469,nan,
0.500,nan,0.328,0.312,0.328,0.312,nan,nan,nan,nan,
0.340,nan,nan,0.406,nan,nan,nan,nan,0.188,0.344,
0.335,0.417,0.250,0.299,0.312,nan,nan,0.250,0.338,0.348,
0.271,0.339,0.365,0.293,0.290,0.328,0.338,nan,0.312,0.312,
0.292,0.337,0.330,0.354,0.219,0.278,0.354,0.328,nan,0.469,
0.562,0.333,0.273,0.392,0.327,0.356,0.336,0.312,nan,nan,
nan,0.342,0.328,0.330,0.276,0.322,0.303,0.309,0.375,nan,
