0.381,0.292,0.337,0.391,0.315,0.312,0.369,0.327,nan,0.312,
0.375,0.406,0.404,0.316,0.320,0.330,0.406,0.250,nan,0.250,
0.323,0.438,nan,0.330,0.311,0.300,0.225,nan,nan,nan,
nan,nan,nan,0.344,0.340,0.312,0.375,nan,nan,nan,
0.312,0.323,0.250,nan,0.281,nan,nan,nan,0.312,0.300,
0.219,0.367,0.406,nan,0.344,nan,nan,nan,0.281,0.250,
0.362,0.354,0.312,0.391,0.234,0.438,0.281,0.375,0.316,0.292,
0.375,0.397,0.398,0.312,0.312,0.391,0.337,0.500,0.400,0.263,
0.396,0.301,0.391,0.338,0.334,0.307,0.378,0.375,nan,0.354,
0.375,0.320,0.338,0.357,0.348,0.330,0.305,0.336,0.375,0.375,
