0.312,0.406,0.361,0.625,0.335,0.250,0.375,0.341,0.318,0.265,
nan,0.359,0.312,0.344,0.292,0.266,0.352,0.250,0.355,0.250,
0.281,0.381,0.375,0.340,0.312,nan,0.500,nan,nan,nan,
0.375,0.308,0.364,0.339,0.321,0.379,nan,nan,0.312,0.250,
0.312,0.391,0.393,0.167,0.328,0.319,0.438,0.362,0.305,0.500,
0.327,0.318,0.354,0.299,0.312,0.333,0.391,0.318,0.275,0.348,
0.469,0.312,0.312,0.361,0.333,0.205,0.188,0.326,0.330,nan,
nan,nan,0.281,0.350,0.337,0.278,0.156,0.321,0.292,0.354,
0.312,0.250,0.438,0.329,0.334,0.271,0.312,0.266,0.250,0.229,
0.344,nan,0.312,nan,0.393,0.297,nan,0.219,0.344,0.286,
