0.266,0.297,0.469,0.331,nan,nan,nan,nan,0.312,0.062,
0.500,0.438,0.310,0.344,nan,nan,nan,nan,nan,nan,
0.308,0.263,0.297,0.188,nan,nan,nan,nan,0.368,0.354,
0.269,0.327,0.357,0.325,0.375,nan,nan,0.396,0.351,0.355,
0.318,0.328,0.312,0.268,nan,nan,0.312,nan,0.334,0.312,
0.321,0.341,0.375,0.349,0.229,0.438,0.281,0.500,0.371,0.250,
0.360,0.327,0.333,0.292,0.250,0.312,0.328,0.250,0.312,0.357,
0.305,0.338,0.277,nan,0.250,0.362,0.375,0.367,0.326,0.323,
0.344,0.364,0.188,0.259,nan,0.200,0.312,0.417,0.345,0.333,
0.347,0.330,0.438,0.330,nan,0.438,nan,0.375,0.333,0.312,
