nan,0.250,0.333,0.438,0.500,0.516,0.375,0.356,0.340,0.326,
nan,0.346,0.344,0.250,nan,nan,0.293,0.375,0.298,0.344,
0.417,0.306,0.427,0.339,0.346,0.406,0.281,0.500,0.312,0.312,
0.438,0.363,0.317,0.350,0.323,0.308,0.250,nan,0.312,nan,
0.353,0.321,0.341,0.229,0.391,0.328,0.250,0.403,0.362,0.344,
0.431,0.381,0.302,0.308,0.396,0.312,0.406,0.379,0.312,0.354,
0.331,0.297,0.250,0.375,0.303,0.306,0.375,0.292,0.453,0.333,
nan,nan,0.625,0.344,0.331,0.319,0.329,0.361,0.303,0.312,
0.328,0.312,nan,0.484,0.344,0.350,0.325,0.188,0.312,0.375,
0.340,0.438,nan,nan,0.354,0.389,0.375,0.317,0.406,0.362,
