nan,0.342,0.296,0.290,0.350,0.339,0.226,0.319,0.309,0.301,
0.548,0.304,0.344,0.290,0.286,0.361,0.333,0.323,0.305,0.403,
0.387,0.290,nan,0.367,0.316,0.361,nan,nan,nan,nan,
0.315,0.335,0.338,0.320,0.327,0.336,nan,0.355,0.280,nan,
0.306,0.333,0.316,0.344,nan,0.294,0.290,0.316,0.366,0.274,
0.336,0.319,0.327,0.339,0.328,0.226,0.258,0.363,0.335,0.314,
0.258,0.452,0.258,0.359,0.329,0.315,nan,0.343,0.323,nan,
nan,nan,0.387,0.379,0.312,0.320,0.295,0.333,0.338,0.355,
0.323,0.323,0.129,0.325,0.333,0.368,0.323,0.301,0.312,0.355,
0.344,nan,nan,nan,0.237,0.290,nan,nan,0.348,0.323,
