0.304,0.344,0.344,0.326,0.383,0.361,0.375,0.292,0.312,0.328,
0.375,0.250,0.338,0.349,0.375,0.344,0.469,0.375,nan,nan,
0.388,0.250,0.328,0.323,0.312,nan,0.354,0.250,nan,nan,
0.358,0.347,0.345,0.312,0.344,0.312,0.312,nan,nan,nan,
0.324,0.326,0.325,0.312,0.375,0.375,0.305,0.312,0.219,0.375,
0.333,0.306,0.281,0.328,0.484,nan,nan,0.312,0.292,0.353,
0.345,0.332,0.339,0.391,0.269,0.333,nan,0.312,0.406,0.304,
0.312,0.306,0.234,0.250,0.299,0.305,nan,nan,0.367,0.295,
0.281,0.344,0.344,0.438,0.335,0.320,0.281,0.438,0.375,0.319,
nan,nan,nan,0.344,0.307,0.333,0.307,0.375,0.125,0.308,
