0.422,nan,0.365,0.306,0.327,0.316,0.330,0.350,0.312,0.354,
0.333,nan,nan,0.385,0.275,0.266,0.375,nan,nan,0.355,
0.358,0.354,0.351,0.305,0.375,0.322,0.292,nan,nan,0.500,
0.336,0.188,0.266,0.321,0.291,0.292,nan,nan,nan,nan,
0.357,0.328,0.250,0.338,0.297,0.312,0.229,nan,nan,0.438,
0.325,0.353,0.302,0.343,0.299,0.371,0.312,nan,nan,0.368,
0.287,0.406,0.330,0.372,0.308,0.361,0.312,nan,0.307,0.327,
0.281,0.340,0.338,0.302,0.426,0.292,0.316,0.285,0.308,0.340,
0.312,0.305,0.281,nan,0.250,0.352,0.344,0.344,0.312,0.266,
0.429,0.321,0.300,0.312,0.351,0.325,0.352,0.375,0.289,0.312,
