0.338,0.338,0.334,0.306,0.308,0.362,0.312,0.312,nan,0.250,
0.370,0.219,0.334,0.345,0.330,0.362,0.366,nan,nan,nan,
0.188,nan,0.406,0.347,0.340,0.381,0.333,nan,nan,0.250,
0.438,nan,nan,0.356,0.318,0.453,nan,nan,nan,nan,
0.319,0.302,nan,0.333,0.352,0.356,0.281,nan,nan,0.338,
nan,0.321,0.375,0.438,0.338,0.438,nan,0.271,nan,0.354,
0.219,0.367,0.250,0.352,0.367,0.250,0.250,0.406,0.367,0.316,
0.266,0.281,0.347,0.311,0.312,0.325,0.351,0.375,0.334,0.357,
0.250,0.356,0.338,0.285,0.433,0.326,0.351,nan,0.344,0.344,
0.188,0.312,0.335,0.389,0.333,0.292,0.370,0.287,0.312,0.500,
