0.359,0.369,0.333,0.357,0.317,0.289,0.321,0.364,0.307,0.500,
0.375,0.384,0.287,0.341,0.363,0.290,nan,0.348,0.398,nan,
nan,0.438,0.188,0.332,0.304,0.292,nan,nan,0.344,nan,
0.188,nan,0.375,0.438,0.312,0.438,nan,nan,nan,nan,
0.292,nan,nan,0.344,nan,nan,nan,nan,0.344,0.328,
0.295,0.292,0.469,0.347,0.292,nan,nan,0.388,0.330,0.308,
0.396,0.348,0.323,0.296,0.341,0.422,0.300,nan,0.304,0.300,
0.312,0.338,0.241,0.319,0.344,0.306,0.362,0.375,nan,0.438,
0.438,0.278,0.335,0.329,0.312,0.310,0.352,0.484,nan,nan,
nan,0.388,0.312,0.312,0.336,0.349,0.341,0.330,0.375,nan,
