0.000,154.500,131.667,159.889,141.842,151.000,139.000,nan,207.000,nan,
87.000,nan,82.000,91.250,138.273,150.500,0.000,0.000,188.000,63.857,
267.000,nan,0.000,151.125,89.400,0.000,nan,274.200,177.652,116.550,
198.000,192.000,nan,12.000,nan,nan,nan,nan,nan,202.000,
112.312,220.714,178.000,54.500,nan,nan,nan,nan,0.000,93.643,
100.615,58.200,148.440,141.000,348.000,nan,nan,0.000,132.818,112.909,
110.000,121.875,173.333,128.400,0.000,0.000,0.000,216.000,nan,104.625,
201.000,192.857,149.250,106.714,0.000,100.667,48.857,94.000,56.143,263.000,
0.000,140.400,21.000,117.500,156.545,158.163,131.400,81.750,250.200,141.000,
135.000,112.000,160.821,128.034,164.182,183.688,167.625,0.000,209.800,0.000,
