nan,0.266,0.387,0.331,0.331,0.335,nan,nan,nan,nan,
nan,nan,0.258,0.349,0.346,0.371,nan,0.355,nan,nan,
0.452,0.242,nan,nan,0.194,nan,0.323,0.329,0.355,0.313,
0.301,0.347,0.419,nan,nan,nan,nan,0.226,0.258,0.306,
0.315,0.366,nan,0.333,0.387,nan,nan,0.258,nan,0.309,
0.337,0.302,0.326,0.298,nan,nan,nan,nan,0.347,0.329,
0.320,0.210,0.309,0.396,nan,0.226,0.274,0.361,0.351,0.376,
nan,0.355,0.344,0.317,0.387,0.303,0.318,0.313,0.339,0.387,
0.355,0.333,0.320,0.340,0.353,0.348,0.338,0.358,0.364,0.312,
0.360,0.319,0.358,0.324,0.359,0.323,0.303,nan,0.348,0.161,
