0.300,0.341,0.194,nan,0.484,0.387,0.371,0.335,0.290,0.359,
0.332,0.339,0.315,0.359,0.340,nan,0.340,nan,nan,0.387,
0.371,0.353,0.365,0.326,0.348,nan,0.245,0.452,0.298,0.283,
0.387,0.339,0.346,0.306,0.323,0.339,0.274,nan,nan,0.452,
0.341,0.312,0.333,0.369,0.347,0.258,0.355,nan,0.339,0.349,
0.347,0.310,0.337,0.323,0.319,0.333,nan,nan,0.331,0.358,
0.321,0.330,0.373,0.306,0.323,0.387,nan,0.387,0.323,0.336,
0.323,0.379,nan,0.303,0.323,0.330,0.337,0.323,0.283,0.368,
0.366,0.274,nan,nan,0.360,0.337,0.355,nan,0.294,0.452,
0.294,0.349,nan,nan,0.323,0.355,0.266,0.296,0.419,0.297,
