0.312,0.375,0.305,0.364,0.308,0.375,0.375,0.346,0.484,0.302,
0.364,0.337,0.266,0.325,0.359,0.438,0.333,nan,nan,0.312,
0.271,0.277,0.335,0.323,nan,nan,0.306,nan,nan,nan,
nan,0.302,0.332,0.345,0.375,nan,0.438,nan,nan,0.125,
0.346,0.305,0.338,0.381,nan,nan,0.391,0.156,nan,0.302,
0.331,0.336,0.320,0.375,0.406,0.344,nan,nan,nan,0.347,
0.322,0.322,0.299,0.362,0.347,0.364,0.312,nan,0.281,0.352,
0.375,0.322,0.344,0.417,0.304,0.406,0.354,nan,0.312,0.330,
0.352,0.469,0.375,0.375,0.364,0.438,nan,nan,nan,0.312,
nan,nan,nan,nan,0.328,0.335,0.250,nan,0.375,0.263,
