0.333,0.378,0.125,nan,nan,nan,nan,nan,nan,0.250,
0.330,0.302,0.340,nan,nan,nan,nan,nan,0.125,nan,
0.312,0.463,0.354,nan,nan,nan,nan,nan,0.500,0.250,
0.344,nan,0.375,0.250,nan,nan,nan,nan,0.312,0.312,
0.448,nan,0.292,0.312,nan,0.375,nan,nan,0.290,0.345,
0.297,0.312,0.335,0.351,0.357,0.250,nan,nan,0.344,0.319,
0.375,0.335,0.314,0.281,0.188,0.312,0.281,0.312,0.312,0.321,
0.326,0.359,0.327,0.300,0.268,0.330,0.338,0.343,0.301,0.330,
0.375,0.345,0.305,0.352,0.294,0.292,nan,0.375,0.334,0.354,
0.406,0.312,0.322,0.312,0.312,nan,nan,nan,0.297,0.250,
