nan,0.250,0.324,0.338,0.359,0.346,0.311,0.312,0.500,nan,
nan,0.396,0.333,0.375,0.340,0.328,0.250,0.312,0.348,0.188,
0.250,0.375,nan,0.357,0.319,0.479,0.312,0.289,0.382,0.328,
0.250,0.332,0.320,0.321,0.332,0.438,nan,nan,0.250,nan,
0.234,0.292,0.369,nan,nan,nan,nan,nan,0.350,0.250,
0.372,0.344,0.368,0.353,nan,nan,nan,nan,0.406,0.306,
0.359,0.229,0.329,0.350,nan,nan,nan,nan,0.365,0.500,
0.292,0.351,0.259,0.250,nan,0.354,0.325,nan,nan,0.375,
0.250,0.250,0.318,0.469,0.393,0.341,0.346,0.250,nan,nan,
nan,0.391,0.342,0.335,0.335,0.350,0.370,nan,0.287,0.281,
