0.325,0.312,0.294,0.321,0.279,0.333,0.500,nan,nan,0.438,
0.348,nan,0.352,0.328,0.350,0.375,0.375,nan,nan,0.312,
0.396,0.271,0.299,0.281,0.359,0.125,0.500,nan,nan,nan,
0.358,0.312,0.282,0.280,0.396,nan,0.500,nan,nan,0.219,
0.338,0.339,0.338,0.348,0.438,0.562,0.375,0.312,0.271,0.312,
0.336,0.336,0.229,0.205,0.275,nan,nan,0.284,0.321,0.353,
0.319,0.337,0.335,0.312,0.323,0.250,nan,nan,0.354,0.260,
0.312,0.359,0.304,0.344,0.312,0.361,nan,nan,0.375,0.339,
0.312,0.312,0.333,0.396,0.375,0.375,0.219,nan,0.188,0.265,
0.281,0.500,0.125,0.327,0.385,0.356,0.332,nan,nan,0.444,
