0.287,nan,nan,0.349,0.312,0.346,0.331,0.366,0.406,0.375,
0.328,nan,0.125,0.316,0.362,0.287,0.312,0.312,0.344,0.287,
0.346,0.406,0.318,0.347,0.297,0.350,0.365,0.438,nan,0.312,
0.295,nan,0.297,0.352,0.319,0.348,0.125,nan,nan,nan,
0.365,0.312,0.312,0.340,0.344,0.326,0.250,nan,nan,0.469,
0.384,0.339,0.317,0.322,0.283,0.333,0.292,nan,0.250,0.337,
0.397,0.342,0.336,0.321,0.353,0.278,0.260,0.312,0.292,0.326,
0.344,0.312,0.389,0.312,0.312,0.343,0.320,0.325,0.289,0.335,
0.281,0.312,0.273,0.219,0.263,0.342,0.312,nan,0.354,0.312,
0.289,0.328,0.308,0.325,0.326,0.335,0.375,nan,0.348,nan,
