0.419,nan,0.387,0.516,0.387,0.332,0.347,0.331,0.299,0.290,
0.355,0.337,0.336,0.312,0.332,0.355,0.306,0.378,0.327,0.452,
0.309,0.272,0.335,0.362,0.355,0.290,0.301,nan,0.277,0.323,
0.368,0.317,0.333,0.304,0.328,0.360,0.330,nan,0.226,nan,
0.319,0.303,0.330,nan,0.333,0.378,0.355,nan,nan,0.302,
0.347,0.339,0.333,0.161,0.371,0.306,0.309,0.335,nan,0.323,
0.342,0.328,0.347,nan,0.345,0.333,0.398,0.327,0.401,0.347,
0.323,0.317,nan,0.284,0.339,0.347,0.369,0.339,0.265,nan,
0.323,nan,nan,0.341,0.364,0.334,0.301,nan,0.258,0.484,
0.333,0.323,nan,0.258,0.339,0.335,0.339,0.323,0.361,0.348,
