0.188,0.332,0.369,0.291,0.337,0.344,0.438,nan,0.250,nan,
nan,0.406,nan,0.304,0.338,0.266,nan,0.438,nan,0.479,
0.333,0.438,nan,nan,nan,nan,nan,0.317,0.312,0.344,
0.375,0.396,nan,nan,nan,nan,nan,0.250,0.344,0.362,
0.319,0.319,0.333,0.333,nan,nan,nan,nan,0.188,0.320,
0.345,0.336,0.319,0.319,nan,nan,nan,0.250,0.358,0.322,
0.375,0.328,0.315,0.242,nan,0.312,0.403,0.329,0.500,0.384,
0.375,0.275,0.229,0.500,0.312,0.266,0.287,0.347,0.323,0.281,
0.250,0.326,0.292,0.311,0.333,0.338,0.295,0.300,0.312,0.438,
0.333,0.323,0.320,0.307,0.330,0.351,0.333,0.438,0.453,0.375,
