nan,0.417,0.296,0.312,0.359,0.500,0.375,0.285,0.297,0.336,
nan,0.319,0.298,0.400,0.250,0.203,0.353,0.354,0.352,0.312,
nan,0.312,0.344,0.417,0.338,0.425,0.438,nan,0.469,0.375,
0.375,0.333,0.271,0.326,0.375,0.368,0.281,nan,nan,nan,
0.330,0.290,0.250,0.359,0.333,0.342,0.375,0.356,0.331,0.375,
0.330,0.361,0.339,0.333,0.275,0.324,0.338,0.323,0.306,0.332,
0.312,0.312,0.375,0.268,0.332,0.438,0.250,0.327,0.289,0.438,
0.312,nan,nan,0.234,0.341,0.371,0.271,0.316,0.300,0.366,
0.309,0.500,0.250,0.335,0.298,0.348,0.406,0.350,0.062,0.354,
0.312,0.312,0.156,0.312,0.417,0.263,nan,0.344,0.281,0.310,
