nan,0.345,0.331,0.318,0.344,0.332,0.347,0.339,0.375,nan,
nan,0.344,0.354,0.409,0.247,0.366,0.344,nan,0.332,nan,
nan,0.365,0.125,0.469,0.315,nan,0.438,0.312,0.250,0.344,
0.312,0.359,0.328,0.312,0.453,0.250,nan,0.406,0.062,0.438,
0.271,0.369,0.375,0.312,nan,nan,nan,0.312,0.384,0.344,
0.348,0.281,0.338,0.336,0.250,nan,nan,nan,0.293,0.302,
0.208,0.323,0.312,0.333,0.302,nan,nan,0.219,0.322,0.458,
0.375,0.355,0.336,0.306,0.425,0.339,0.349,0.328,0.344,0.375,
0.062,0.328,0.382,0.312,0.335,0.334,0.333,0.250,nan,nan,
nan,0.347,0.333,0.326,0.341,0.312,0.301,0.219,nan,nan,
