nan,100.333,124.615,41.000,79.875,99.750,88.875,nan,165.750,0.000,
162.000,89.500,199.000,105.000,188.400,110.556,146.600,0.000,190.500,nan,
82.000,0.000,42.000,93.462,139.977,126.375,162.000,nan,nan,0.000,
78.429,151.421,107.182,124.500,83.000,121.412,nan,nan,68.500,0.000,
159.000,88.688,102.107,75.000,43.500,179.217,45.000,161.750,125.118,166.909,
217.909,131.354,141.000,165.882,84.000,49.714,0.000,127.500,161.000,128.333,
0.000,250.000,nan,101.294,257.250,121.636,89.400,158.250,71.757,0.000,
0.000,0.000,0.000,171.545,93.441,147.808,87.545,139.556,149.538,0.000,
145.091,nan,nan,180.667,189.750,115.200,42.500,0.000,0.000,275.000,
125.000,0.000,nan,nan,0.000,0.000,nan,nan,291.000,175.929,
