0.344,0.319,nan,nan,nan,nan,nan,nan,nan,0.355,
0.320,0.348,0.323,nan,nan,nan,nan,0.290,0.320,0.347,
0.328,0.361,nan,nan,nan,nan,nan,nan,0.403,0.339,
0.327,0.258,nan,nan,nan,nan,nan,nan,nan,0.336,
0.301,0.274,0.323,0.452,0.323,0.403,nan,nan,0.339,0.363,
0.366,0.274,0.286,0.387,0.358,nan,0.277,0.282,0.340,0.315,
0.371,0.333,0.337,0.361,0.284,nan,nan,0.357,0.340,0.371,
0.290,0.316,0.333,0.324,0.321,0.355,0.331,0.360,0.321,0.335,
0.341,0.323,0.356,0.327,0.345,nan,0.355,0.355,0.452,0.315,
0.303,0.258,0.280,0.387,0.320,0.315,nan,nan,nan,0.387,
