0.338,0.375,0.312,0.292,0.326,0.353,0.417,0.304,0.281,nan,
0.354,nan,0.208,0.350,0.371,0.293,0.281,0.250,nan,0.368,
0.250,0.312,0.345,0.339,0.339,0.387,0.401,0.188,nan,0.188,
0.312,0.188,0.429,0.328,0.300,0.338,nan,nan,nan,0.312,
0.327,nan,0.307,0.301,0.375,0.312,nan,nan,nan,0.321,
0.321,0.329,0.328,0.356,0.335,0.344,nan,nan,nan,0.354,
0.306,0.293,0.356,0.341,0.368,0.289,0.287,0.362,0.307,0.312,
nan,0.469,0.344,0.375,0.328,0.295,0.326,0.338,0.258,0.345,
0.219,0.438,0.322,0.444,0.362,0.338,0.438,0.344,0.326,nan,
0.333,0.292,0.275,0.325,0.350,0.349,0.062,nan,0.333,0.438,
