0.358,0.250,0.337,0.352,0.341,0.347,0.327,0.188,0.438,0.344,
0.325,nan,0.346,0.307,0.263,0.271,0.375,nan,nan,0.375,
0.301,nan,0.271,0.315,0.320,0.330,0.375,nan,nan,0.250,
0.167,nan,nan,0.312,0.318,0.375,nan,nan,nan,nan,
0.290,0.375,nan,0.396,0.368,0.292,0.281,nan,nan,nan,
0.396,0.333,0.188,0.297,0.384,nan,nan,nan,0.250,0.438,
0.306,0.344,0.375,0.330,0.319,0.333,0.417,0.333,0.333,0.305,
0.333,0.326,0.319,0.332,0.318,0.338,0.344,0.396,0.302,0.303,
0.375,0.275,0.384,0.301,0.340,0.357,0.375,0.312,0.322,0.354,
0.375,0.500,0.368,0.293,0.334,0.324,0.319,0.338,0.316,0.250,
