nan,0.348,0.331,0.338,0.329,0.335,0.452,nan,0.258,nan,
0.366,0.403,0.274,0.330,0.340,0.290,nan,nan,0.258,0.343,
0.258,nan,nan,0.335,0.339,nan,0.355,0.323,0.350,0.340,
nan,0.348,nan,nan,nan,nan,nan,0.452,0.194,0.329,
0.323,0.332,nan,0.363,nan,nan,nan,nan,nan,0.293,
0.323,0.345,0.343,0.337,nan,nan,nan,0.323,0.318,0.345,
0.387,0.269,0.336,0.337,nan,0.226,0.419,0.349,0.274,0.304,
0.323,0.341,0.348,0.339,0.452,0.334,0.369,0.382,0.337,nan,
0.323,0.363,0.315,0.321,0.321,0.327,0.328,0.355,0.376,0.306,
0.290,0.341,0.328,0.333,0.315,0.353,0.306,0.387,0.355,0.344,
