0.259,0.344,0.393,0.293,0.373,0.333,0.188,0.333,0.500,0.305,
0.300,0.312,0.362,0.359,0.250,0.438,0.344,0.500,nan,nan,
0.275,0.375,0.316,0.276,0.312,nan,0.347,0.500,nan,nan,
0.351,0.299,0.330,0.320,0.312,0.312,0.281,nan,nan,nan,
0.339,0.306,0.361,0.406,0.469,0.312,0.305,0.229,0.562,0.219,
0.339,0.296,0.281,0.281,0.359,nan,nan,0.302,0.340,0.366,
0.345,0.340,0.345,0.344,0.341,0.312,nan,0.250,0.344,0.366,
0.330,0.400,0.344,0.375,0.372,0.367,nan,nan,0.352,0.307,
0.281,0.250,0.375,0.375,0.250,0.332,0.219,0.250,0.292,0.333,
nan,nan,nan,0.339,0.391,0.336,0.339,0.250,0.375,0.335,
