0.354,0.328,0.319,0.333,nan,nan,0.333,nan,nan,0.281,
0.336,0.300,0.406,nan,nan,nan,nan,nan,nan,0.321,
0.354,0.406,nan,0.375,nan,nan,nan,nan,nan,0.375,
0.341,nan,0.300,0.344,0.156,nan,nan,0.344,0.250,0.250,
0.339,0.327,0.369,0.250,0.303,nan,nan,nan,0.339,0.326,
0.363,0.340,0.382,0.375,0.328,0.323,0.312,0.281,0.297,0.353,
0.409,0.341,0.332,0.331,0.333,0.250,0.375,nan,0.339,0.330,
0.350,0.304,0.351,0.330,0.312,0.406,0.125,0.285,0.351,0.333,
0.326,0.330,0.336,0.325,0.388,0.306,0.300,nan,0.375,0.333,
0.266,0.438,0.321,0.318,0.375,0.330,0.333,nan,nan,0.375,
