0.323,0.328,0.342,0.349,0.344,0.305,0.403,nan,0.355,nan,
nan,0.387,nan,0.359,0.335,0.395,nan,0.355,nan,0.290,
0.301,0.274,nan,nan,nan,nan,nan,0.325,0.364,0.308,
0.161,0.280,nan,nan,nan,nan,nan,0.484,0.323,0.319,
0.345,0.339,0.323,0.312,nan,nan,nan,nan,0.516,0.324,
0.297,0.310,0.341,0.333,nan,nan,nan,0.419,0.288,0.336,
0.306,0.298,0.355,0.327,nan,0.452,0.294,0.337,0.323,0.304,
0.290,0.387,0.344,0.258,0.323,0.363,0.342,0.344,0.296,0.258,
0.387,0.369,0.355,0.338,0.313,0.335,0.349,0.323,0.327,0.355,
0.333,0.356,0.347,0.341,0.336,0.332,0.323,0.290,0.298,0.274,
