0.452,0.306,0.344,0.329,0.349,0.309,0.290,nan,0.344,nan,
0.327,nan,0.376,0.363,0.320,0.309,0.452,0.355,0.419,0.396,
0.258,nan,0.355,0.339,0.310,0.419,nan,0.355,0.330,0.340,
0.258,0.350,nan,0.452,nan,nan,nan,nan,nan,0.355,
0.345,0.355,0.290,0.336,nan,nan,nan,nan,0.226,0.327,
0.337,0.325,0.360,0.315,0.403,nan,nan,0.468,0.334,0.321,
0.344,0.347,0.341,0.353,0.387,0.516,0.242,0.348,nan,0.351,
0.403,0.350,0.315,0.313,0.387,0.323,0.350,0.344,0.304,0.301,
0.419,0.368,0.403,0.343,0.331,0.329,0.330,0.331,0.368,0.290,
0.306,0.376,0.326,0.335,0.350,0.334,0.327,0.226,0.376,0.226,
