0.438,0.281,0.375,nan,nan,nan,nan,nan,0.250,0.292,
0.312,0.345,0.295,nan,nan,nan,nan,nan,nan,0.312,
0.412,0.312,0.375,nan,nan,nan,nan,nan,0.250,0.312,
0.330,nan,0.347,0.297,nan,nan,nan,nan,0.359,0.335,
0.328,0.394,0.331,0.325,0.312,0.292,nan,nan,0.348,0.354,
0.469,0.326,0.321,0.320,0.312,0.287,0.281,nan,0.330,0.318,
0.327,0.340,0.321,0.318,0.375,0.422,0.292,0.344,0.383,0.300,
0.339,0.289,0.354,0.375,0.300,0.393,0.327,0.304,0.346,0.370,
0.339,0.354,0.341,0.281,0.368,0.304,0.422,0.362,0.369,0.336,
0.316,0.316,0.312,0.344,0.388,nan,0.271,nan,0.382,0.294,
