0.323,0.395,nan,0.194,nan,nan,0.468,0.307,0.376,0.347,
0.337,0.316,0.270,0.354,0.327,0.452,0.349,0.290,nan,0.400,
0.331,0.325,0.342,0.210,0.387,nan,0.347,nan,0.306,0.258,
0.290,0.309,0.349,0.352,0.258,0.226,0.210,nan,nan,0.371,
0.308,0.322,0.331,0.321,0.290,nan,0.345,0.355,0.355,0.281,
0.350,0.317,0.336,0.323,0.344,0.323,0.387,nan,0.285,0.326,
0.338,0.346,0.329,0.311,0.315,0.342,0.274,nan,0.374,0.381,
0.371,0.303,0.323,0.328,0.322,0.295,0.343,0.258,0.298,0.387,
0.335,0.347,nan,0.274,0.335,0.323,0.330,0.258,nan,nan,
0.337,0.351,nan,nan,nan,0.269,0.355,0.295,0.355,0.303,
