0.358,0.277,0.362,nan,nan,nan,nan,nan,nan,nan,
0.312,0.351,0.362,nan,nan,nan,nan,nan,nan,0.375,
0.325,0.208,0.438,0.375,nan,nan,nan,nan,0.328,nan,
0.250,0.299,0.318,0.309,0.250,0.250,nan,0.250,0.322,0.327,
0.373,0.344,0.343,0.352,0.250,0.297,0.312,0.375,0.438,0.304,
0.326,0.327,0.375,0.274,0.312,nan,0.278,nan,0.341,0.125,
0.358,0.271,0.333,0.319,0.417,0.271,nan,0.188,0.341,0.298,
0.352,0.350,0.312,0.438,nan,0.320,0.294,0.301,0.317,0.336,
0.336,0.300,0.355,0.266,0.300,0.325,0.375,0.338,0.352,0.326,
0.351,0.312,0.358,0.188,nan,0.312,0.396,0.292,0.333,0.250,
