nan,nan,nan,0.000,0.000,42.857,0.000,177.818,0.000,0.000,
84.000,169.857,0.000,164.167,191.727,0.000,88.000,9.000,nan,0.000,
228.000,107.143,130.400,128.471,96.429,20.000,141.429,nan,123.000,124.000,
110.727,124.731,110.818,128.053,116.538,94.500,nan,nan,nan,0.000,
113.727,106.884,133.265,122.625,198.000,118.125,191.143,nan,119.400,159.000,
123.600,148.875,110.897,0.000,98.000,129.750,150.000,nan,121.500,127.000,
124.190,120.667,128.333,99.000,81.429,113.800,0.000,70.500,145.846,165.176,
117.000,162.750,nan,0.000,157.543,146.571,133.000,nan,74.714,102.750,
nan,nan,nan,nan,107.125,123.375,174.000,0.000,90.000,0.000,
127.565,152.000,nan,nan,64.000,129.875,231.000,141.375,112.800,142.846,
