nan,nan,nan,0.188,0.500,0.286,0.344,0.341,0.375,0.375,
0.281,0.315,0.469,0.361,0.335,0.391,0.300,0.250,nan,0.625,
0.344,0.315,0.358,0.386,0.384,0.354,0.312,nan,0.583,0.317,
0.358,0.337,0.333,0.329,0.317,0.367,nan,nan,nan,0.406,
0.330,0.374,0.316,0.297,0.312,0.297,0.366,nan,0.287,0.275,
0.354,0.344,0.345,0.312,0.340,0.309,0.292,nan,0.234,0.375,
0.346,0.343,0.319,0.438,0.304,0.317,0.188,0.365,0.375,0.290,
0.388,0.266,nan,0.438,0.311,0.259,0.271,nan,0.298,0.375,
nan,nan,nan,nan,0.367,0.315,0.219,0.188,0.406,0.188,
0.304,0.229,nan,nan,0.382,0.328,0.312,0.359,0.312,0.370,
