nan,0.402,0.400,0.361,0.354,0.275,nan,nan,nan,nan,
nan,nan,0.354,0.300,0.362,0.250,nan,0.354,0.188,0.312,
0.281,0.323,0.250,0.375,0.229,nan,0.438,0.354,0.297,0.312,
0.295,0.317,0.312,0.219,nan,nan,nan,0.406,0.351,0.352,
0.312,0.359,0.354,0.305,nan,nan,nan,0.188,0.300,0.339,
0.353,0.312,0.319,0.357,nan,nan,nan,0.366,0.331,0.306,
0.371,0.323,0.344,nan,nan,0.312,0.348,0.344,0.338,0.347,
0.344,0.363,0.396,0.312,0.312,0.312,0.287,0.292,0.333,0.330,
0.342,0.322,0.348,0.300,0.330,0.364,0.293,0.290,0.363,0.318,
nan,0.381,0.348,0.338,0.318,0.273,nan,nan,0.325,0.365,
