126.000,173.250,153.333,135.000,136.615,186.000,nan,nan,nan,nan,
nan,nan,137.500,97.500,219.600,nan,nan,177.750,119.000,0.000,
93.800,245.000,49.800,120.000,nan,nan,nan,132.000,147.429,139.312,
160.500,129.545,112.750,156.000,nan,nan,0.000,69.000,103.222,174.529,
129.545,118.655,80.400,194.000,0.000,nan,nan,nan,83.769,215.250,
158.308,108.400,297.000,145.909,nan,nan,nan,248.000,128.250,105.333,
197.211,113.333,75.231,nan,nan,0.000,167.500,142.875,174.000,128.824,
100.929,94.224,125.400,0.000,nan,0.000,65.727,112.714,146.700,209.250,
93.321,128.045,156.500,205.000,135.750,153.409,139.071,154.125,192.222,177.500,
0.000,92.586,104.000,150.259,210.600,172.000,48.375,117.000,276.000,244.000,
