0.125,0.320,0.354,0.312,0.365,0.357,0.388,0.328,0.359,0.438,
0.250,0.354,0.375,0.469,0.332,0.333,0.342,0.417,0.361,0.125,
0.275,0.125,0.250,0.350,0.336,0.362,0.312,0.250,nan,nan,
0.369,0.290,0.355,0.305,0.275,0.354,nan,nan,0.275,nan,
0.324,0.343,0.360,0.219,nan,0.344,0.312,0.375,0.316,0.319,
0.280,0.340,0.344,0.370,0.312,0.333,0.281,0.342,0.323,0.385,
0.333,0.340,nan,0.323,0.312,0.271,0.347,0.340,0.308,nan,
nan,0.500,nan,0.333,0.331,0.328,0.346,0.310,0.355,0.375,
0.312,nan,0.250,0.359,0.306,0.326,0.219,nan,nan,0.448,
0.263,nan,0.500,0.338,nan,nan,nan,nan,0.312,0.334,
