nan,0.242,0.406,0.328,0.332,0.312,nan,nan,nan,nan,
nan,0.350,0.344,0.292,nan,nan,nan,nan,0.338,0.500,
0.356,0.356,0.392,0.125,nan,nan,nan,0.330,0.333,0.351,
0.333,0.328,0.315,0.297,nan,nan,0.250,0.316,0.352,0.315,
0.302,0.344,0.375,0.288,0.438,nan,nan,0.312,0.353,0.312,
0.354,0.422,0.333,0.317,nan,nan,nan,0.312,0.388,0.349,
0.361,0.321,0.329,0.438,nan,0.312,0.400,0.312,0.312,0.338,
0.349,0.349,0.292,nan,0.406,0.438,0.388,0.310,0.381,0.323,
0.331,0.328,0.244,0.281,0.348,0.339,0.350,0.292,0.381,0.353,
nan,0.335,0.280,0.325,0.396,0.250,nan,nan,0.438,0.312,
