0.000,153.000,136.250,192.000,189.000,156.000,69.600,183.000,178.929,0.000,
153.000,82.667,108.000,321.000,82.683,81.286,118.200,79.000,152.727,0.000,
85.200,0.000,0.000,44.100,157.109,152.000,0.000,0.000,nan,nan,
108.273,145.364,100.125,133.125,170.400,134.500,nan,nan,79.200,nan,
150.273,137.613,68.647,0.000,nan,129.375,36.000,121.500,109.500,38.400,
162.968,120.780,119.250,166.000,119.143,0.000,140.250,120.400,124.800,262.000,
44.000,80.333,nan,128.750,125.250,97.333,52.667,146.348,115.600,nan,
nan,0.000,nan,144.400,139.500,88.607,30.462,140.600,127.320,0.000,
163.091,nan,0.000,176.500,174.333,110.667,153.000,nan,nan,232.500,
51.600,nan,0.000,39.600,nan,nan,nan,nan,39.600,199.950,
