0.312,0.417,0.322,0.324,0.338,0.412,0.345,0.281,0.250,0.375,
0.292,0.250,0.359,0.345,0.357,0.361,0.346,0.354,nan,nan,
0.469,nan,0.375,0.359,0.345,0.333,0.188,0.438,nan,nan,
nan,nan,nan,0.339,0.305,0.331,0.375,nan,nan,0.250,
0.411,0.323,nan,0.250,0.312,0.344,nan,nan,nan,0.348,
nan,0.316,nan,0.312,0.420,nan,nan,0.281,0.406,0.297,
nan,0.344,0.438,0.309,0.333,0.312,0.375,0.375,0.280,0.370,
0.375,0.375,0.325,0.323,0.375,0.366,0.336,0.250,0.324,0.302,
0.188,0.295,0.361,0.397,0.354,0.330,0.339,0.375,0.250,0.292,
nan,0.292,0.343,0.312,0.298,0.326,0.342,0.350,0.332,0.312,
