0.438,nan,nan,nan,0.188,0.386,0.312,0.375,0.325,0.312,
0.125,0.349,0.250,0.354,0.355,0.453,0.302,0.367,0.562,0.438,
nan,0.319,0.375,0.299,0.295,0.312,0.375,0.375,0.312,0.229,
0.348,0.356,0.301,0.315,0.366,0.343,0.400,nan,nan,0.287,
0.320,0.327,0.332,0.359,0.344,0.352,0.312,nan,0.438,0.286,
0.316,0.302,0.270,nan,0.287,0.312,0.271,nan,nan,0.344,
0.322,0.321,0.355,0.292,0.341,0.304,0.250,0.260,0.289,0.352,
0.359,nan,0.188,0.333,0.348,0.312,0.312,0.375,0.357,0.375,
0.344,nan,nan,0.367,0.335,0.307,0.287,nan,0.287,0.125,
0.314,nan,nan,0.375,0.341,0.284,0.354,0.250,0.297,0.350,
