0.355,0.321,0.229,nan,nan,nan,0.375,nan,nan,0.312,
0.316,0.410,0.351,0.438,nan,nan,nan,nan,nan,0.438,
0.250,0.250,0.375,nan,nan,nan,nan,nan,nan,0.250,
nan,0.375,0.413,0.287,nan,nan,nan,0.188,0.312,0.307,
0.379,0.325,0.318,0.305,nan,0.312,0.375,nan,0.281,0.317,
0.292,0.333,0.328,0.344,0.219,0.188,0.188,nan,0.319,0.302,
0.330,0.301,0.317,0.345,0.234,0.312,nan,0.344,0.335,0.323,
0.316,0.352,0.350,0.281,0.375,0.370,0.290,0.321,0.315,0.338,
0.301,0.312,0.326,0.289,0.229,0.285,0.357,0.358,0.369,0.316,
0.352,0.336,0.344,0.396,0.281,0.188,0.359,0.344,0.344,0.304,
