0.332,0.354,0.333,nan,nan,nan,0.500,nan,nan,0.375,
0.359,0.328,0.298,0.500,nan,nan,nan,nan,nan,0.312,
0.396,0.250,0.344,nan,nan,nan,nan,nan,nan,0.375,
nan,0.344,0.329,0.341,nan,nan,nan,0.562,0.363,0.315,
0.330,0.338,0.338,0.328,nan,0.263,0.312,nan,0.294,0.348,
0.312,0.319,0.297,0.375,0.250,0.094,0.375,nan,0.385,0.344,
0.351,0.338,0.279,0.358,0.281,0.438,nan,0.250,0.314,0.331,
0.327,0.317,0.412,0.219,0.125,0.318,0.318,0.353,0.278,0.332,
0.349,0.335,0.326,0.328,0.292,0.306,0.446,0.330,0.294,0.325,
0.290,0.289,0.417,0.208,0.406,0.562,0.312,0.250,0.359,0.357,
