0.333,0.438,0.349,0.367,0.316,0.328,0.250,nan,nan,0.250,
0.348,nan,0.362,0.307,0.304,nan,0.292,nan,nan,0.292,
0.177,0.312,0.299,0.500,nan,nan,0.300,nan,nan,nan,
0.406,0.375,0.305,0.345,0.292,nan,nan,nan,0.500,nan,
0.327,0.385,0.304,0.297,0.312,0.375,0.375,0.384,0.330,0.307,
0.348,0.334,0.328,0.331,0.411,nan,nan,0.188,0.324,0.292,
0.348,0.345,0.307,0.464,0.300,nan,nan,nan,0.302,0.320,
0.284,0.302,0.363,0.367,nan,0.344,0.250,nan,0.208,0.326,
0.369,0.430,0.326,0.328,0.324,0.341,0.385,0.375,0.344,0.361,
0.292,0.344,0.438,0.419,0.330,0.334,0.351,0.375,nan,0.336,
