nan,0.289,0.320,0.326,0.353,0.361,0.330,0.250,0.562,nan,
nan,0.312,0.292,0.324,0.347,0.312,0.375,0.312,0.357,0.438,
0.250,0.438,nan,0.286,0.369,0.354,0.375,0.305,0.264,0.344,
0.062,0.355,0.335,0.375,0.322,0.312,nan,nan,0.312,nan,
0.406,0.375,0.362,nan,nan,nan,nan,nan,0.287,0.281,
0.323,0.333,0.389,0.309,nan,nan,nan,nan,0.352,0.326,
0.273,0.292,0.362,0.366,nan,nan,nan,nan,0.281,0.438,
0.292,0.336,0.375,0.375,nan,0.266,0.388,nan,nan,0.312,
0.312,0.281,0.323,0.250,0.375,0.324,0.327,0.250,nan,nan,
nan,0.422,0.261,0.331,0.335,0.336,0.389,nan,0.438,0.219,
