nan,0.409,0.349,0.347,0.337,0.337,0.343,0.323,0.323,nan,
nan,0.323,0.301,0.325,0.359,0.347,0.387,0.355,0.367,0.355,
0.226,0.419,nan,0.312,0.329,0.290,nan,0.306,0.347,0.304,
nan,0.328,0.334,0.335,0.298,nan,nan,0.290,nan,0.409,
0.296,0.339,0.310,nan,nan,nan,nan,0.290,0.387,0.484,
0.330,0.355,0.304,0.310,0.344,nan,nan,0.226,0.355,0.308,
0.361,0.286,0.373,0.306,0.387,nan,nan,0.339,0.387,nan,
0.357,0.348,0.302,0.366,0.323,0.328,0.306,0.368,nan,0.323,
0.371,0.369,0.387,0.308,0.286,0.340,0.334,0.323,0.290,0.258,
nan,0.290,0.345,0.341,0.336,0.353,0.324,0.387,0.323,nan,
