nan,0.292,0.250,0.356,0.335,0.312,nan,nan,nan,nan,
0.312,0.312,0.312,0.417,0.312,nan,nan,nan,0.323,nan,
0.346,0.312,0.328,0.344,nan,nan,nan,0.260,0.362,0.338,
0.355,0.281,0.383,0.354,0.375,nan,0.312,0.396,0.329,0.326,
0.339,0.299,0.264,0.321,0.188,nan,nan,0.250,0.412,0.338,
0.290,0.312,0.365,0.335,nan,nan,nan,0.333,0.278,0.326,
0.317,0.292,0.340,0.312,nan,0.250,0.323,0.333,0.312,0.312,
0.338,0.305,0.355,0.188,0.469,nan,0.312,0.371,0.382,0.292,
0.323,0.351,0.353,0.375,0.281,0.281,0.396,0.358,0.322,0.293,
0.562,0.322,0.349,0.308,0.344,0.362,0.354,nan,0.375,0.219,
