0.403,0.333,0.354,0.287,0.325,0.297,0.361,nan,nan,0.500,
0.350,0.333,0.318,0.321,0.352,0.219,0.337,0.375,nan,0.375,
0.281,nan,0.312,nan,0.344,nan,0.438,nan,nan,nan,
0.375,0.307,0.297,0.295,0.354,0.625,0.062,nan,0.438,nan,
0.335,0.318,0.347,0.500,0.323,0.250,0.359,0.338,0.326,0.438,
0.343,0.333,0.312,0.319,0.354,nan,nan,0.312,0.352,0.333,
0.326,0.336,0.332,0.354,0.266,nan,nan,nan,0.396,0.330,
0.333,0.291,0.354,0.257,0.360,0.250,nan,nan,0.188,0.307,
0.294,0.358,0.327,0.375,0.312,0.341,0.368,nan,0.344,0.348,
0.391,nan,0.375,0.362,0.295,0.327,0.312,nan,nan,0.354,
