0.339,0.422,nan,0.062,nan,nan,0.438,0.324,0.361,0.399,
0.354,0.316,0.301,0.352,0.307,0.438,0.355,0.396,nan,0.450,
0.312,0.330,0.312,0.281,0.438,nan,0.312,nan,0.281,0.250,
0.312,0.291,0.320,0.375,0.250,0.250,0.281,nan,nan,0.406,
0.292,0.327,0.354,0.361,0.250,nan,0.331,0.438,0.281,0.306,
0.352,0.302,0.327,0.312,0.312,0.344,0.500,nan,0.312,0.327,
0.323,0.343,0.329,0.347,0.312,0.325,0.219,nan,0.375,0.371,
0.388,0.269,0.375,0.323,0.311,0.281,0.320,0.125,0.312,0.354,
0.336,0.375,nan,0.250,0.344,0.359,0.324,0.438,nan,nan,
0.295,0.336,nan,nan,nan,0.229,0.375,0.250,0.281,0.279,
