nan,0.323,0.312,0.324,0.330,0.281,nan,nan,0.125,nan,
nan,nan,nan,0.479,0.379,0.250,nan,0.250,0.312,nan,
nan,0.333,nan,nan,0.241,0.312,nan,0.375,0.352,0.375,
0.375,0.340,0.312,nan,0.250,nan,nan,nan,0.347,0.307,
0.250,0.326,0.402,0.375,nan,nan,nan,0.250,0.281,0.354,
0.331,0.353,0.333,0.339,0.500,nan,nan,0.406,0.292,0.324,
0.318,0.333,0.328,nan,nan,0.438,0.385,0.281,0.354,0.338,
0.319,0.356,0.500,0.250,0.312,0.312,0.396,0.331,0.275,0.219,
0.323,0.325,0.306,0.378,0.323,0.371,0.400,0.295,0.294,0.328,
0.350,0.318,0.341,0.344,0.300,0.318,0.325,nan,0.312,0.188,
