nan,0.286,0.304,0.315,0.358,0.375,nan,nan,nan,nan,
nan,nan,0.438,0.375,0.312,0.375,nan,0.340,0.500,0.219,
0.323,0.344,0.344,0.500,0.479,nan,0.312,0.312,0.354,0.350,
0.364,0.344,0.312,0.312,nan,nan,nan,0.344,0.319,0.295,
0.318,0.304,0.326,0.398,nan,nan,nan,0.312,0.300,0.344,
0.304,0.375,0.306,0.254,nan,nan,nan,0.304,0.319,0.331,
0.347,0.302,0.292,nan,nan,0.375,0.268,0.319,0.338,0.290,
0.331,0.329,0.333,0.375,0.469,0.406,0.412,0.417,0.320,0.375,
0.309,0.351,0.324,0.334,0.321,0.325,0.387,0.415,0.359,0.290,
nan,0.261,0.304,0.339,0.354,0.383,nan,nan,0.325,0.250,
