0.318,0.219,0.321,0.326,0.302,0.328,0.327,0.188,0.250,0.229,
0.306,0.438,0.327,0.303,0.315,0.361,0.333,nan,nan,0.219,
0.308,0.500,0.281,0.349,0.332,0.319,0.375,nan,nan,nan,
0.438,nan,nan,0.328,0.373,0.438,nan,nan,nan,nan,
0.384,0.250,nan,0.312,0.320,0.312,0.344,0.312,nan,0.125,
0.344,0.287,0.438,0.336,0.312,0.375,nan,nan,nan,0.312,
0.325,0.394,0.375,0.302,0.350,0.330,0.312,0.406,0.306,0.316,
0.234,0.326,0.352,0.385,0.354,0.364,0.340,0.250,0.320,0.348,
nan,0.375,0.266,0.312,0.357,0.329,0.296,0.312,0.334,0.531,
0.344,nan,0.277,0.365,0.312,0.367,0.273,0.344,0.292,0.344,
