0.300,0.396,0.350,0.299,0.375,0.396,0.438,nan,nan,0.250,
0.308,nan,0.344,0.309,0.325,0.347,0.275,nan,nan,0.250,
0.292,0.396,0.375,0.344,0.281,0.312,0.250,nan,nan,nan,
0.342,0.329,0.373,0.352,0.354,nan,0.188,nan,nan,0.469,
0.340,0.337,0.356,0.332,0.406,0.188,0.329,0.312,0.354,0.417,
0.350,0.316,0.375,0.402,0.356,nan,nan,0.381,0.402,0.294,
0.327,0.320,0.350,0.354,0.345,0.438,nan,nan,0.333,0.391,
0.348,0.338,0.411,0.219,0.359,0.361,nan,nan,0.281,0.378,
0.297,0.469,0.302,0.292,0.338,0.332,0.469,nan,0.250,0.399,
0.219,0.188,0.312,0.269,0.229,0.303,0.351,nan,nan,0.271,
