0.344,0.312,0.309,0.354,0.318,0.340,0.303,0.250,0.328,0.344,
0.438,nan,0.325,0.326,0.329,0.330,0.292,nan,nan,0.318,
0.319,0.312,0.304,0.278,0.316,0.318,0.312,0.438,nan,nan,
0.250,0.312,0.344,0.362,0.341,0.344,nan,nan,nan,nan,
0.335,0.340,0.438,0.287,0.391,0.411,0.438,nan,nan,0.250,
0.323,0.308,0.361,0.358,0.337,0.350,0.438,nan,0.312,0.276,
0.281,0.331,0.371,0.352,0.322,0.250,0.383,nan,0.412,0.286,
0.312,0.257,0.338,0.357,0.219,0.363,0.326,0.406,0.356,0.295,
0.344,0.396,0.375,0.312,0.281,0.339,0.188,0.312,0.359,0.312,
0.312,0.479,0.367,0.323,0.312,0.314,0.438,0.312,0.300,0.328,
