0.281,0.375,0.250,0.328,nan,nan,nan,nan,0.250,nan,
nan,0.312,0.332,0.438,nan,nan,nan,nan,0.312,nan,
0.438,0.521,0.382,0.500,nan,nan,nan,0.344,0.337,0.312,
0.344,0.312,0.297,0.328,nan,nan,0.438,0.328,0.315,0.333,
0.333,0.338,0.295,0.330,0.688,nan,nan,nan,0.318,0.308,
0.353,0.338,0.319,0.294,0.250,nan,0.292,0.312,0.371,0.317,
0.351,0.292,0.353,0.375,0.375,nan,nan,0.281,0.321,0.310,
0.338,0.330,0.292,0.391,0.250,0.375,0.350,0.357,0.332,0.312,
0.316,0.334,0.312,0.357,0.353,0.277,0.125,0.352,0.296,0.267,
0.329,0.318,0.325,0.308,0.379,0.344,nan,0.271,0.312,0.312,
