0.364,0.328,0.315,0.368,0.328,0.379,0.359,0.422,nan,nan,
0.300,nan,0.310,0.341,0.312,0.332,0.333,0.250,nan,0.500,
nan,nan,0.312,0.384,0.366,0.350,0.325,0.188,nan,nan,
nan,nan,nan,0.287,0.330,0.337,nan,nan,nan,0.312,
0.336,0.333,nan,nan,0.359,0.406,nan,0.312,nan,0.353,
0.312,0.338,0.312,nan,0.254,0.375,nan,0.438,0.289,0.469,
nan,0.325,0.406,0.312,0.349,0.250,0.250,0.359,0.256,0.320,
0.438,0.304,0.366,0.348,0.365,0.304,0.312,nan,0.305,0.344,
nan,0.395,0.352,0.350,0.317,0.392,0.356,0.250,0.281,0.312,
0.375,0.375,0.338,0.330,0.344,0.334,0.283,0.347,0.352,0.500,
