0.352,0.375,0.381,0.344,0.321,0.312,nan,0.531,nan,0.312,
0.333,0.344,0.359,0.312,0.362,0.344,0.375,nan,nan,nan,
0.297,0.348,0.346,0.375,nan,nan,0.338,0.375,nan,nan,
0.344,0.344,0.318,0.360,0.312,0.375,0.354,0.250,nan,nan,
0.350,0.338,0.333,0.299,0.406,nan,0.307,0.286,nan,0.354,
0.340,0.373,0.319,0.302,0.286,nan,nan,0.333,0.312,0.355,
0.308,0.332,0.304,0.312,0.324,0.349,nan,nan,0.350,0.271,
0.375,0.359,0.365,0.375,0.335,0.354,nan,nan,0.312,0.364,
0.281,0.250,nan,0.438,0.337,0.336,nan,nan,0.250,0.308,
0.438,nan,nan,0.450,0.339,0.344,0.385,nan,0.438,0.324,
