0.319,nan,0.320,0.290,0.274,0.258,0.290,nan,nan,0.258,
0.341,0.323,0.265,0.387,0.247,nan,nan,nan,nan,0.403,
0.297,0.339,nan,0.355,nan,nan,nan,nan,nan,nan,
0.360,0.285,0.351,0.345,0.387,nan,nan,nan,0.274,0.419,
0.329,0.314,0.335,0.312,0.323,0.355,nan,0.269,0.323,0.330,
0.336,0.365,0.323,nan,0.319,nan,nan,0.323,0.345,0.329,
0.320,0.325,0.315,0.274,0.298,nan,nan,nan,0.329,0.342,
0.330,0.326,0.356,0.290,0.258,0.419,0.419,0.452,0.398,0.330,
0.331,0.300,0.330,0.332,0.395,0.343,0.311,0.290,0.314,0.326,
0.355,0.247,0.452,0.313,0.333,0.317,0.346,0.258,0.387,0.325,
