134.182,125.500,289.500,158.000,129.158,148.000,0.000,71.786,68.000,276.600,
70.235,71.769,102.000,140.200,79.179,210.000,16.200,0.000,nan,0.000,
45.000,197.625,125.053,136.500,0.000,nan,163.667,nan,nan,nan,
240.000,143.471,148.818,134.455,151.000,nan,117.000,0.000,nan,0.000,
94.375,127.548,152.793,150.667,nan,nan,145.286,216.857,nan,93.000,
137.564,97.059,114.231,150.000,162.000,0.000,nan,375.000,0.000,141.273,
131.507,149.250,114.840,88.800,140.586,127.500,nan,nan,110.500,98.250,
108.923,213.429,124.500,0.000,136.364,148.846,117.000,nan,82.800,135.231,
nan,nan,nan,nan,162.375,213.500,0.000,nan,0.000,202.125,
nan,nan,nan,nan,126.000,180.429,252.000,0.000,nan,185.500,
