0.406,0.332,0.334,0.289,0.357,0.339,0.355,0.300,0.438,nan,
nan,0.360,0.375,0.334,0.381,0.319,0.438,0.312,0.290,nan,
nan,0.500,0.812,0.341,0.365,nan,nan,nan,0.312,nan,
nan,0.292,0.271,nan,0.333,0.250,nan,nan,nan,nan,
0.312,0.279,0.458,nan,0.438,nan,nan,0.312,0.375,0.299,
0.385,0.330,0.336,0.344,0.297,nan,nan,0.438,0.342,0.344,
0.385,0.281,0.302,0.375,0.275,0.344,0.344,nan,0.281,0.323,
0.396,0.312,0.281,0.312,0.375,0.348,0.332,0.312,nan,nan,
nan,nan,0.354,0.306,0.350,0.320,0.340,0.259,nan,nan,
0.219,0.309,0.312,0.351,0.345,0.334,0.336,0.365,nan,0.250,
