0.438,nan,0.312,0.562,0.438,0.338,0.422,0.305,0.284,0.312,
0.312,0.264,0.304,0.340,0.321,0.312,0.310,0.375,0.315,0.562,
0.330,0.285,0.375,0.382,0.366,0.312,0.257,nan,0.300,0.352,
0.362,0.312,0.329,0.342,0.332,0.375,0.326,nan,0.125,nan,
0.345,0.312,0.320,nan,0.324,0.412,0.354,nan,nan,0.318,
0.352,0.297,0.339,0.250,0.375,0.312,0.335,0.400,nan,0.250,
0.364,0.330,0.383,nan,0.359,0.375,0.438,0.329,0.402,0.375,
0.344,0.312,nan,0.312,0.336,0.398,0.363,0.438,0.285,nan,
0.312,nan,nan,0.333,0.382,0.310,0.292,nan,0.208,0.375,
0.338,0.312,nan,0.312,0.312,0.332,0.281,0.375,0.325,0.317,
