0.000,nan,0.000,0.000,0.000,142.500,58.500,94.875,119.727,59.250,
0.000,166.333,101.143,94.000,134.786,3.000,160.839,125.143,62.857,0.000,
84.857,115.667,95.400,159.316,67.286,0.000,78.333,nan,62.400,93.273,
310.200,142.091,151.300,168.529,139.385,120.450,113.667,nan,0.000,nan,
99.310,129.720,134.531,nan,78.682,78.200,143.000,nan,nan,171.818,
163.500,94.500,117.158,0.000,210.000,144.750,61.714,67.200,nan,0.000,
140.946,188.727,199.125,nan,102.000,117.692,66.000,129.600,117.000,142.821,
258.000,64.000,nan,151.800,116.857,160.875,84.556,0.000,238.333,nan,
0.000,nan,nan,134.667,105.568,115.600,112.000,nan,58.000,0.000,
160.320,0.000,nan,0.000,144.000,81.375,156.000,0.000,128.700,83.143,
