0.330,0.273,0.438,0.406,nan,0.250,0.375,0.312,0.384,0.375,
0.417,0.335,0.375,0.316,0.305,0.271,0.341,0.375,0.312,0.292,
0.333,0.362,0.275,0.333,0.312,nan,0.359,0.312,0.359,nan,
nan,0.309,0.359,0.308,0.344,nan,nan,nan,nan,0.188,
0.396,0.357,0.329,0.344,0.312,nan,0.362,0.000,0.375,0.372,
0.336,0.337,0.350,0.266,0.375,0.356,nan,nan,0.312,0.375,
0.328,0.331,0.355,0.321,0.269,0.375,nan,nan,0.354,0.302,
0.260,0.410,0.312,0.278,0.349,0.318,0.406,nan,nan,0.375,
0.354,0.359,nan,nan,0.383,0.312,0.295,0.250,nan,0.250,
0.417,0.361,nan,nan,nan,0.438,0.344,0.292,0.375,0.386,
