nan,0.250,0.283,0.312,0.297,0.344,0.375,0.395,0.332,0.318,
nan,0.300,0.385,0.325,0.438,0.344,0.315,0.354,0.298,0.350,
nan,0.320,0.281,0.326,0.300,0.338,0.438,nan,0.312,0.312,
0.347,0.306,0.333,0.321,0.344,0.326,0.406,nan,nan,nan,
0.372,0.368,0.375,0.281,0.438,0.328,0.375,0.356,0.388,0.344,
0.354,0.349,0.349,0.362,0.362,0.347,0.237,0.326,0.243,0.293,
0.412,0.188,0.312,0.339,0.286,0.333,0.312,0.307,0.338,0.438,
0.375,nan,nan,0.320,0.316,0.346,0.375,0.340,0.292,0.366,
0.312,0.438,0.188,0.318,0.330,0.357,0.266,0.350,0.438,0.354,
0.438,0.312,0.344,0.438,0.312,0.275,nan,0.422,0.396,0.348,
