0.307,0.276,0.333,0.250,nan,0.250,nan,nan,nan,0.302,
0.329,0.294,0.366,0.250,nan,nan,nan,nan,0.312,0.312,
0.375,0.391,nan,nan,nan,nan,nan,nan,nan,0.331,
0.333,0.312,0.281,nan,nan,nan,nan,0.219,nan,0.312,
0.344,0.250,0.362,0.250,0.344,0.281,0.312,0.375,0.250,0.347,
0.354,0.328,0.328,0.229,0.385,0.375,0.375,0.348,0.328,0.347,
0.339,0.400,0.349,0.307,0.281,nan,nan,0.438,0.324,0.312,
0.363,0.288,0.321,0.326,0.321,nan,0.125,0.326,0.215,0.348,
0.328,0.341,0.347,0.270,0.344,0.417,nan,0.340,0.312,0.400,
0.312,0.352,0.229,0.300,0.354,0.353,nan,0.250,nan,nan,
