0.368,0.346,0.307,nan,0.354,0.347,0.350,0.250,0.438,0.336,
0.283,0.371,0.349,0.438,0.344,0.417,0.406,0.358,0.333,0.344,
0.347,0.305,0.351,0.347,0.438,nan,0.500,0.338,0.320,0.278,
0.188,0.312,0.336,0.355,0.271,nan,nan,0.325,0.289,0.219,
0.375,0.309,0.375,0.188,nan,0.344,0.329,0.358,0.327,0.359,
nan,0.250,0.312,nan,0.344,0.339,0.375,0.338,0.257,nan,
nan,nan,0.406,nan,nan,0.286,0.385,0.500,0.260,nan,
0.381,nan,0.298,0.356,0.320,0.287,0.306,0.281,0.312,0.438,
0.312,0.562,0.271,0.294,0.324,0.361,0.312,0.319,0.307,0.234,
0.250,0.286,0.260,0.336,0.312,0.322,0.438,0.339,0.365,nan,
