0.369,0.323,0.344,0.360,0.373,0.359,0.346,0.358,0.337,0.380,
0.319,0.336,0.329,0.333,0.326,0.339,0.337,0.360,0.311,0.316,
0.403,0.348,nan,0.329,0.311,0.310,0.312,nan,0.306,nan,
0.355,0.338,0.329,0.290,0.344,0.452,0.301,0.226,nan,nan,
0.306,0.371,0.300,0.341,0.359,0.301,0.419,0.462,nan,0.387,
0.279,0.452,nan,0.346,0.333,0.290,0.336,0.309,0.355,0.387,
0.320,0.290,0.290,0.194,0.323,nan,nan,0.371,0.282,nan,
0.323,0.323,0.288,0.387,0.231,0.323,nan,nan,0.290,nan,
0.327,0.297,0.323,0.315,0.308,0.340,0.226,0.323,0.335,0.323,
0.360,0.306,0.334,0.347,0.334,0.276,0.305,0.323,0.274,0.331,
