0.250,0.333,0.320,0.365,0.340,0.375,0.375,0.274,0.329,0.312,
0.458,0.349,0.392,0.333,nan,0.333,0.347,0.375,0.360,0.286,
0.331,0.344,0.329,0.382,0.292,0.312,0.352,0.188,0.438,0.333,
0.281,0.295,0.355,0.328,0.384,0.321,0.341,0.312,nan,0.292,
0.281,0.349,0.344,0.315,0.438,0.422,0.327,0.250,nan,nan,
0.297,0.295,0.396,0.306,nan,0.375,nan,nan,0.375,0.358,
nan,0.375,0.375,0.338,0.358,0.369,0.391,nan,0.312,0.375,
nan,0.344,0.299,0.292,0.547,0.250,0.500,0.625,0.281,nan,
nan,0.338,0.333,0.332,0.358,0.346,0.350,0.323,0.365,0.401,
0.375,0.335,0.305,0.350,0.318,0.361,0.319,0.359,0.312,0.406,
