nan,0.344,0.338,0.328,0.387,0.269,0.323,0.347,0.320,0.323,
0.376,0.308,0.300,0.263,0.323,0.323,0.323,0.360,0.308,0.355,
nan,0.341,0.350,0.323,0.310,0.409,0.353,0.352,0.324,0.344,
0.339,0.368,0.342,0.339,0.323,0.349,0.318,0.367,0.345,0.360,
0.361,0.338,0.381,0.326,0.299,0.349,0.331,0.312,0.382,0.274,
0.350,0.353,0.325,0.336,0.333,0.323,0.332,0.335,0.312,0.226,
0.363,0.336,0.403,0.387,0.319,nan,nan,nan,0.258,nan,
nan,0.323,nan,nan,0.379,nan,nan,nan,nan,nan,
nan,0.226,nan,0.419,0.341,nan,nan,nan,0.323,nan,
0.382,0.349,0.383,0.329,nan,nan,0.355,0.309,0.258,nan,
