0.406,0.299,0.338,0.500,nan,0.375,0.219,0.250,0.347,0.354,
nan,0.301,0.292,0.281,0.188,nan,0.329,0.312,0.312,0.312,
0.328,0.319,0.331,0.372,0.417,0.328,0.321,0.385,nan,0.375,
0.250,0.398,0.305,0.332,0.438,0.271,0.336,0.396,nan,0.344,
0.281,0.339,0.357,0.312,nan,0.312,0.500,0.344,nan,0.312,
0.326,0.332,0.339,0.384,0.500,0.316,0.312,0.365,0.188,0.300,
0.344,0.375,0.341,nan,0.375,0.318,0.378,nan,0.326,0.344,
0.312,nan,0.403,nan,0.281,0.312,0.330,0.287,0.375,0.365,
0.344,0.385,0.307,0.323,0.318,0.404,0.250,0.327,0.359,0.347,
0.281,0.292,0.318,0.347,0.369,0.309,0.349,0.356,0.287,0.250,
