102.000,175.500,131.571,129.231,164.333,0.000,31.500,0.000,0.000,0.000,
0.000,69.462,144.818,91.800,0.000,0.000,127.500,113.062,126.000,188.333,
0.000,216.000,92.250,90.360,102.913,154.167,119.444,165.600,186.632,223.800,
117.000,133.759,126.889,116.100,182.793,148.500,60.000,136.500,113.036,0.000,
211.000,109.412,121.941,114.913,132.857,55.500,172.286,139.500,75.643,0.000,
131.000,140.512,118.966,136.071,115.250,175.154,150.200,124.091,208.696,0.000,
213.500,121.500,193.000,159.000,176.526,nan,nan,0.000,314.250,nan,
nan,0.000,nan,0.000,147.000,216.000,nan,nan,nan,nan,
0.000,nan,0.000,219.375,154.320,180.750,nan,0.000,nan,nan,
172.667,171.000,194.400,135.692,96.000,nan,144.000,159.600,0.000,200.000,
