0.281,0.301,0.339,0.125,0.325,0.327,0.354,0.292,0.344,0.338,
0.302,0.309,0.342,0.365,0.438,0.146,0.438,0.357,0.450,0.266,
0.396,0.361,0.309,0.344,0.287,nan,0.375,0.358,0.271,0.354,
0.375,0.333,0.307,0.307,0.331,0.312,0.688,0.338,0.315,0.344,
nan,0.500,0.332,0.406,nan,0.286,0.300,0.308,0.354,0.375,
nan,0.250,0.271,0.250,0.375,0.345,0.327,0.321,0.354,nan,
nan,nan,0.250,nan,nan,0.312,0.375,0.271,nan,nan,
0.364,0.330,0.309,0.312,0.369,0.307,0.292,0.375,nan,0.562,
0.339,0.344,0.375,0.188,0.300,0.156,0.438,0.346,0.320,0.271,
0.328,0.338,0.328,0.339,0.292,0.335,0.188,0.289,0.458,0.347,
