0.343,0.344,0.340,0.277,0.324,0.234,0.340,0.332,0.330,0.361,
0.375,0.400,0.438,0.388,0.324,0.344,0.323,0.374,0.346,0.340,
0.385,nan,nan,0.354,0.308,0.312,0.250,0.375,0.375,0.307,
0.312,0.328,0.303,0.324,0.369,0.305,nan,0.344,nan,0.208,
0.297,0.275,0.396,0.286,0.362,0.364,0.393,0.289,nan,nan,
0.367,0.438,0.250,0.312,0.349,0.333,0.333,0.327,0.330,0.321,
0.375,nan,0.375,0.234,0.325,0.333,0.188,0.281,nan,nan,
0.297,0.344,0.324,0.361,0.351,0.417,0.375,nan,0.250,0.188,
0.340,0.335,0.338,0.417,0.297,nan,nan,0.325,0.281,0.318,
0.318,0.385,0.450,nan,0.318,0.250,0.250,0.259,0.250,0.375,
