0.263,0.328,0.385,0.312,0.338,0.341,0.312,0.345,0.354,0.375,
0.364,0.289,0.330,0.316,0.312,0.373,0.336,0.344,0.237,0.281,
0.562,0.406,0.370,0.297,0.328,0.332,0.266,0.281,nan,0.375,
0.359,0.335,0.363,0.342,0.299,0.347,0.336,0.268,nan,nan,
0.354,0.318,0.322,0.323,0.188,0.312,0.286,0.348,0.350,0.312,
0.329,0.354,nan,nan,0.381,0.438,0.406,0.344,0.300,nan,
0.156,nan,0.250,nan,0.354,0.335,0.406,0.406,0.062,nan,
0.250,0.391,0.302,nan,nan,nan,0.375,nan,nan,0.375,
nan,0.375,0.286,0.305,0.339,0.309,0.420,nan,0.339,nan,
0.300,0.380,0.385,0.458,0.361,0.365,0.250,0.259,0.328,0.320,
