0.363,0.332,0.337,0.316,0.347,0.377,0.318,0.336,0.331,0.290,
0.194,0.315,0.290,0.394,0.290,0.325,0.318,0.311,0.327,0.339,
0.318,0.339,0.335,0.299,0.323,0.358,0.295,0.276,0.306,0.290,
0.355,0.304,0.330,0.317,0.363,0.294,0.331,nan,nan,0.362,
0.371,0.318,0.315,0.341,nan,0.290,0.302,nan,nan,0.355,
0.316,0.348,0.339,0.336,0.323,nan,nan,nan,0.323,0.335,
0.355,0.347,0.339,0.368,0.349,0.406,0.278,0.387,nan,0.323,
nan,nan,0.358,nan,0.352,0.290,0.331,nan,0.274,nan,
0.419,0.306,0.318,0.347,0.323,0.320,0.347,0.318,0.327,0.419,
0.290,0.338,0.337,0.382,0.334,0.357,0.382,0.382,nan,nan,
