0.322,0.353,0.331,0.389,0.339,0.322,0.312,0.469,0.312,0.312,
0.333,0.340,0.339,0.417,0.356,0.354,0.312,nan,0.188,0.336,
0.375,0.327,0.312,0.289,0.281,0.375,nan,0.354,0.375,0.348,
0.357,0.339,0.340,0.328,0.188,0.250,0.312,0.351,0.341,0.312,
0.317,0.343,0.330,0.250,nan,0.500,0.319,0.364,0.316,0.354,
nan,0.354,0.297,nan,nan,0.331,0.304,0.331,0.292,0.312,
nan,nan,0.250,0.500,0.344,0.306,0.292,0.324,nan,0.406,
nan,0.406,0.312,0.346,0.369,0.366,0.275,0.438,nan,nan,
0.324,0.250,0.281,0.333,0.394,0.346,0.500,0.378,0.333,nan,
0.325,0.312,0.312,0.375,0.324,0.350,0.312,0.346,0.337,0.312,
