0.350,0.335,0.351,0.339,0.344,0.336,0.438,nan,0.312,0.312,
0.338,0.318,0.310,0.336,0.375,0.306,0.367,nan,0.500,0.250,
0.393,0.304,0.341,0.273,0.312,0.271,0.375,nan,0.281,0.324,
0.125,0.324,0.330,0.379,0.312,nan,0.375,0.368,0.388,0.307,
0.287,0.293,0.340,0.312,nan,0.250,0.351,0.325,0.318,nan,
0.375,0.297,0.234,nan,0.375,0.350,0.250,0.326,0.357,0.350,
0.438,0.396,nan,0.375,0.284,0.353,0.338,0.315,0.281,0.321,
nan,0.281,nan,0.242,0.354,0.348,nan,0.438,nan,nan,
0.281,0.156,0.392,0.347,0.344,0.343,nan,0.375,0.375,nan,
0.250,0.302,0.344,0.322,0.305,0.362,0.375,0.338,0.268,0.312,
