0.188,0.371,0.385,0.250,0.312,0.381,0.381,0.266,0.289,0.281,
0.335,0.301,0.346,0.406,0.429,0.312,0.357,0.375,0.297,0.344,
0.406,0.321,0.325,0.365,0.365,0.328,0.325,0.333,0.356,0.312,
0.250,0.268,0.331,0.346,0.354,0.308,0.359,0.304,0.368,0.281,
0.266,0.341,0.333,0.317,0.325,0.372,0.277,0.328,0.348,nan,
0.326,0.323,0.386,0.312,0.336,0.283,0.304,0.312,nan,nan,
0.438,0.377,0.500,0.297,0.156,0.344,nan,nan,nan,nan,
nan,0.375,nan,0.333,0.250,nan,nan,nan,0.438,nan,
nan,0.375,0.312,0.273,0.346,0.375,nan,0.219,0.500,nan,
nan,0.348,0.364,0.188,0.344,nan,0.125,0.308,0.250,0.219,
