0.438,0.344,0.353,0.361,0.319,0.375,0.344,0.375,0.438,0.438,
0.396,0.365,0.309,0.450,0.271,0.250,0.385,0.324,0.292,0.312,
0.438,0.438,0.359,0.323,0.345,0.361,0.370,0.300,0.368,0.388,
0.277,0.323,0.338,0.302,0.330,0.344,0.400,0.325,0.310,0.250,
0.365,0.353,0.335,0.329,0.295,0.312,0.353,0.281,0.308,0.344,
0.229,0.330,0.338,0.330,0.333,0.317,0.308,0.333,0.337,0.438,
0.344,0.391,0.375,0.266,0.332,nan,nan,0.250,0.359,nan,
nan,0.125,nan,0.500,0.312,0.250,nan,nan,nan,nan,
0.562,nan,0.375,0.359,0.335,0.359,nan,0.375,nan,nan,
0.323,0.366,0.263,0.327,0.366,nan,0.350,0.350,0.438,0.271,
