0.352,0.311,0.312,0.319,0.344,0.327,0.344,0.281,0.250,0.250,
0.271,0.319,0.344,0.302,0.300,0.368,0.344,0.368,0.312,0.438,
0.319,0.269,0.312,0.417,0.365,0.372,0.234,0.188,nan,0.500,
0.306,0.328,0.356,0.242,0.354,0.324,0.315,0.312,nan,0.348,
0.297,0.299,0.368,0.289,0.375,0.234,0.303,0.325,0.375,0.425,
0.378,0.400,0.307,0.344,0.322,0.312,0.312,nan,nan,0.335,
nan,nan,0.250,nan,0.250,nan,nan,0.281,0.292,0.125,
nan,nan,0.406,0.375,0.306,0.312,0.438,0.312,nan,nan,
nan,0.292,0.281,0.375,0.332,0.312,0.333,0.344,nan,0.325,
0.344,0.321,0.355,0.307,0.349,0.356,0.300,0.312,0.349,0.208,
