0.188,0.358,0.339,0.330,0.371,0.312,nan,nan,nan,0.250,
0.438,0.275,0.329,0.271,0.375,nan,0.399,0.295,0.328,0.312,
0.250,0.375,0.348,0.306,0.309,0.326,0.337,0.307,0.312,0.356,
0.263,0.349,0.368,0.311,0.361,0.312,0.325,0.300,0.346,0.250,
0.317,0.300,0.369,0.346,0.292,0.333,0.362,0.354,0.271,nan,
0.354,0.352,0.355,0.326,0.308,0.364,0.359,0.343,0.341,0.188,
0.344,0.359,0.328,0.321,0.341,nan,nan,0.375,0.303,0.271,
0.375,nan,nan,0.250,0.360,0.438,nan,nan,nan,nan,
0.396,nan,0.125,0.334,0.304,0.312,0.562,nan,nan,nan,
0.333,0.354,0.340,0.358,0.292,0.250,0.307,0.375,nan,0.385,
