0.323,0.315,0.323,nan,nan,0.329,0.330,0.350,0.349,0.382,
0.308,0.321,0.312,nan,0.272,0.371,0.300,0.373,0.318,0.290,
0.395,0.309,0.290,0.371,0.371,0.387,0.355,0.331,0.367,0.331,
0.306,0.342,0.304,0.351,0.347,0.323,0.336,0.334,0.355,0.323,
0.298,0.336,0.357,0.329,0.332,0.332,0.360,0.355,0.387,0.290,
0.242,0.363,0.349,0.333,0.337,0.360,0.226,nan,nan,nan,
nan,0.376,0.215,0.305,0.359,0.419,0.226,nan,nan,nan,
nan,0.323,0.258,0.387,nan,0.323,nan,nan,nan,nan,
nan,nan,nan,nan,0.371,nan,0.323,0.359,nan,nan,
nan,0.361,0.242,0.387,0.387,nan,0.355,0.346,0.392,0.258,
