0.371,0.290,0.313,0.247,0.308,0.343,0.339,0.371,0.326,0.375,
0.293,0.374,0.342,0.277,0.290,0.285,0.318,0.328,0.341,0.331,
0.516,0.298,0.333,0.336,0.324,0.316,0.342,0.310,0.328,nan,
0.331,0.349,0.329,0.318,0.335,0.327,0.374,0.329,0.359,0.339,
nan,nan,0.374,0.312,0.290,0.355,0.348,0.314,0.331,0.290,
0.387,0.323,0.300,0.355,0.272,0.333,0.368,0.331,0.355,0.387,
nan,nan,0.290,0.484,0.312,0.358,0.258,nan,0.355,0.290,
0.329,0.237,0.242,0.452,0.362,0.323,nan,nan,0.226,0.306,
0.323,0.306,0.331,nan,0.346,0.350,0.387,0.419,0.342,0.315,
0.331,0.339,0.237,0.333,0.319,0.313,0.346,0.335,0.376,0.320,
