0.301,0.341,0.323,0.315,0.290,0.355,0.277,0.359,0.326,0.361,
nan,0.307,0.341,0.306,0.323,0.355,0.326,0.290,0.333,0.316,
0.343,0.331,0.345,0.365,0.349,0.271,0.375,0.301,0.323,nan,
nan,0.384,0.327,0.284,0.366,0.319,0.348,0.326,0.242,0.339,
0.333,0.339,0.351,0.376,0.306,0.258,0.281,0.226,nan,nan,
0.367,0.319,0.356,0.274,nan,0.287,nan,nan,0.355,0.317,
0.323,0.290,0.336,0.387,0.329,0.366,0.339,nan,nan,nan,
0.323,nan,0.352,0.280,0.258,0.295,0.339,0.379,0.306,0.298,
0.323,0.297,0.363,0.295,0.353,0.310,0.323,0.282,0.300,0.357,
0.387,0.352,0.345,0.358,0.316,0.348,0.310,0.336,0.258,0.387,
