0.366,0.355,0.330,0.346,0.320,0.484,0.242,0.323,nan,0.355,
0.387,0.303,0.311,0.333,0.373,nan,0.269,0.337,0.290,0.335,
0.332,0.395,0.335,0.366,0.395,0.324,0.237,0.366,0.344,0.340,
0.317,0.337,0.306,0.326,0.306,0.355,0.290,0.371,0.335,0.274,
0.333,0.318,0.274,0.343,0.386,0.362,0.296,0.314,0.310,0.387,
0.323,0.331,0.346,0.316,0.323,0.394,0.334,0.305,0.341,nan,
0.298,0.387,0.355,0.302,0.309,0.366,0.387,0.387,0.316,0.313,
nan,nan,0.258,0.333,0.413,0.274,nan,nan,0.252,nan,
nan,0.323,0.290,0.329,0.343,0.312,0.226,nan,0.290,nan,
0.344,nan,0.346,0.351,0.328,0.313,0.387,0.210,nan,0.387,
