nan,0.385,0.312,0.317,0.369,0.363,0.287,0.326,0.319,0.402,
0.188,0.382,0.372,0.396,0.375,0.500,0.389,0.352,0.375,0.333,
0.259,0.295,0.343,0.368,0.500,0.250,0.266,0.260,nan,0.339,
0.328,0.312,0.326,0.294,0.250,0.359,0.312,nan,nan,0.312,
0.263,0.296,0.290,0.312,0.375,0.438,0.406,nan,nan,nan,
0.250,0.355,0.320,0.346,0.370,0.354,0.321,nan,0.232,nan,
nan,0.266,nan,0.307,0.333,0.317,0.357,0.375,0.255,0.188,
0.393,nan,nan,0.312,0.375,0.353,0.306,0.306,0.333,0.234,
nan,0.438,0.521,0.326,0.307,0.275,0.293,0.360,0.365,0.375,
0.188,0.360,0.350,0.346,0.372,0.341,0.281,0.330,0.312,0.250,
