0.188,0.375,0.315,0.333,0.347,0.125,0.438,0.319,0.333,0.312,
0.354,0.330,0.329,0.250,nan,0.361,0.316,0.312,0.308,0.438,
0.334,0.324,0.301,0.375,0.229,0.358,0.301,0.417,0.312,0.438,
0.438,0.301,0.332,0.359,0.446,0.348,0.293,0.333,nan,0.333,
0.312,0.328,0.300,0.359,0.250,0.328,0.375,0.375,nan,nan,
0.328,0.344,0.344,0.326,nan,0.375,nan,nan,0.344,0.306,
nan,0.292,0.354,0.350,0.342,0.362,0.359,nan,0.500,0.406,
nan,0.188,0.344,0.354,0.344,0.375,0.375,0.312,0.344,nan,
nan,0.412,0.326,0.344,0.330,0.375,0.375,0.333,0.354,0.344,
0.312,0.352,0.362,0.287,0.328,0.349,0.325,0.312,0.438,0.188,
