0.250,0.319,0.381,0.312,0.375,0.281,0.352,0.232,0.531,nan,
0.302,0.359,0.371,0.321,0.325,0.338,0.333,0.359,0.351,0.396,
0.250,0.322,0.338,0.356,0.339,0.406,0.362,0.324,0.340,0.312,
0.362,0.375,0.329,0.360,0.338,0.322,0.245,0.294,0.404,0.375,
0.357,0.327,0.350,0.333,0.375,0.325,0.299,0.344,0.319,0.354,
0.387,0.335,0.350,0.362,0.289,nan,0.263,0.357,0.275,0.375,
nan,0.312,0.062,0.250,0.338,nan,0.469,0.312,nan,nan,
0.500,0.357,0.375,nan,nan,nan,nan,nan,0.125,nan,
nan,0.375,nan,nan,0.250,0.438,nan,nan,0.350,nan,
0.438,0.315,0.312,0.333,nan,nan,0.438,0.310,0.333,nan,
