nan,0.312,0.342,0.322,0.348,0.167,0.344,0.391,0.322,0.312,
0.417,0.332,0.303,0.229,0.312,0.323,0.300,0.323,0.317,0.328,
nan,0.328,0.335,0.312,0.320,0.500,0.354,0.344,0.346,0.396,
0.344,0.387,0.338,0.347,0.268,0.360,0.295,0.339,0.330,0.365,
0.312,0.324,0.364,0.317,0.261,0.365,0.307,0.292,0.375,0.203,
0.344,0.340,0.312,0.317,0.336,0.188,0.357,0.294,0.266,0.250,
0.375,0.420,0.469,0.417,0.326,nan,nan,nan,0.250,nan,
nan,0.286,nan,nan,0.344,nan,nan,nan,nan,nan,
nan,0.312,nan,0.500,0.354,nan,nan,nan,0.344,nan,
0.406,0.385,0.344,0.294,nan,nan,0.300,0.330,0.188,nan,
