nan,0.384,0.323,0.312,0.312,0.062,0.312,nan,nan,nan,
0.375,0.319,0.349,0.500,0.361,0.347,0.338,0.338,0.375,0.297,
nan,0.312,0.354,0.391,0.375,0.312,0.312,0.250,0.250,0.325,
0.332,0.328,0.287,0.306,0.359,0.312,0.327,0.333,0.312,0.375,
0.281,0.323,0.312,0.273,0.348,0.305,0.328,0.352,0.396,nan,
0.328,0.307,0.400,0.302,0.324,0.344,0.356,0.332,0.333,0.229,
0.406,nan,0.500,0.349,0.367,0.333,0.312,0.344,0.333,0.324,
nan,nan,0.094,0.320,0.350,0.356,0.438,0.344,0.322,0.250,
nan,nan,0.321,0.370,0.350,0.350,0.292,0.375,0.312,nan,
nan,0.250,0.312,0.281,0.339,0.225,0.250,0.328,nan,0.323,
