0.438,0.359,0.320,0.312,0.500,0.348,0.306,0.346,0.341,0.344,
0.339,0.312,0.312,0.375,0.438,0.277,0.344,0.297,0.263,0.358,
0.327,0.347,0.338,0.542,nan,0.312,0.312,0.357,0.312,0.331,
0.321,0.400,0.306,0.338,0.406,0.438,0.288,0.438,nan,0.359,
0.335,0.352,0.345,0.336,0.369,0.500,nan,nan,nan,nan,
nan,0.344,0.318,0.357,0.359,0.312,0.250,0.281,nan,nan,
nan,nan,0.438,0.146,0.268,0.312,0.219,0.396,nan,nan,
nan,0.188,nan,0.338,0.285,0.188,0.281,0.250,0.250,nan,
0.292,0.250,nan,0.250,0.310,0.333,0.348,0.322,0.354,nan,
nan,0.391,0.266,0.312,0.312,0.338,0.370,0.398,0.312,nan,
