0.312,0.326,0.369,0.250,0.354,nan,0.326,0.359,0.299,0.396,
nan,0.316,0.312,0.375,nan,0.281,0.312,0.312,0.303,0.312,
0.292,0.343,0.332,0.371,0.305,0.349,0.339,0.365,0.312,0.125,
0.250,0.318,0.343,0.344,nan,0.375,0.324,0.312,0.500,0.281,
0.396,0.330,0.325,0.302,0.375,nan,0.406,0.438,nan,0.375,
0.304,0.357,0.318,0.338,0.312,0.323,nan,0.396,nan,0.342,
0.229,0.271,0.337,0.250,0.344,0.336,0.348,0.188,nan,0.359,
0.406,0.500,0.344,0.250,0.250,0.344,0.375,0.208,0.297,0.312,
0.298,0.333,0.369,0.298,0.338,0.362,0.453,0.316,0.317,0.340,
0.312,0.281,0.344,0.319,0.337,0.323,0.338,0.369,0.125,0.458,
