0.250,0.344,0.375,nan,nan,0.250,0.322,0.322,0.325,0.281,
0.340,0.338,0.396,nan,0.304,0.325,0.340,0.309,0.295,0.500,
0.298,0.380,0.312,0.375,0.328,0.312,0.299,0.336,0.297,0.336,
0.344,0.381,0.345,0.338,0.325,0.330,0.349,0.322,0.188,0.344,
0.352,0.334,0.338,0.333,0.338,0.332,0.385,0.312,0.375,0.250,
0.406,0.321,0.345,0.350,0.284,0.341,0.188,nan,nan,nan,
nan,0.292,0.438,0.299,0.277,0.250,0.312,nan,nan,nan,
nan,0.417,0.438,0.438,nan,0.250,nan,nan,nan,nan,
nan,nan,nan,nan,0.375,nan,0.250,0.312,nan,nan,
nan,0.250,0.375,0.312,0.438,nan,0.500,0.261,0.321,0.250,
