0.406,0.305,0.271,0.375,0.406,0.307,0.278,0.305,0.422,0.281,
0.317,0.345,0.298,0.234,0.321,0.344,0.331,0.281,0.383,0.344,
0.469,0.384,0.317,0.276,0.281,0.375,0.279,0.382,0.319,0.281,
0.375,0.335,0.362,0.323,0.320,0.375,0.334,0.348,0.323,0.375,
0.469,0.339,0.348,0.337,0.363,0.339,0.318,0.406,0.312,nan,
0.347,0.325,0.284,0.329,0.315,0.364,0.304,0.438,nan,nan,
0.312,0.272,0.125,0.234,0.469,0.344,nan,nan,nan,nan,
nan,0.312,nan,0.354,0.188,nan,nan,nan,0.375,nan,
nan,0.500,0.438,0.383,0.335,0.188,nan,0.344,0.250,nan,
nan,0.305,0.318,0.562,0.250,nan,0.312,0.312,0.250,0.250,
