134.375,111.486,91.091,139.000,21.000,185.214,57.000,nan,111.000,nan,
115.833,111.800,112.909,123.789,203.400,136.500,77.000,nan,177.000,82.000,
44.333,120.000,112.737,89.333,192.000,73.500,nan,93.000,64.091,121.500,
136.286,101.100,135.545,134.000,nan,183.000,46.000,118.333,104.727,72.000,
71.640,102.808,88.500,2.000,nan,nan,104.889,166.091,124.385,168.000,
0.000,75.000,96.000,0.000,nan,126.300,75.000,137.500,139.800,0.000,
nan,nan,nan,0.000,162.000,154.286,0.000,104.625,0.000,68.250,
0.000,38.000,100.286,159.000,102.600,88.688,121.714,0.000,nan,nan,
148.929,154.000,118.091,123.324,122.750,101.571,0.000,149.625,90.600,0.000,
0.000,126.000,58.800,73.500,177.400,118.350,nan,151.714,113.625,0.000,
