0.292,0.377,0.298,0.256,0.500,0.312,0.327,0.346,0.352,0.333,
0.385,0.381,0.389,0.350,nan,0.308,0.304,0.352,0.309,0.318,
0.334,0.366,0.323,0.365,0.375,0.327,0.301,0.292,0.277,0.259,
0.375,0.312,0.290,0.330,0.281,0.331,0.259,nan,0.312,0.278,
0.409,0.341,0.312,0.357,0.375,0.375,0.250,nan,nan,0.312,
0.500,0.312,0.347,0.319,0.346,0.375,nan,0.375,nan,nan,
nan,nan,0.359,0.348,0.328,0.312,0.271,0.396,nan,nan,
0.312,0.359,nan,0.281,0.264,nan,0.375,0.406,nan,nan,
0.375,nan,0.375,0.292,0.302,0.312,0.219,0.342,0.312,0.344,
0.438,0.406,0.225,0.335,0.309,0.385,0.351,0.372,0.312,0.375,
