0.375,0.332,0.312,0.167,0.250,0.308,0.338,0.318,0.328,0.354,
0.375,0.352,0.312,0.234,0.281,0.371,0.281,0.327,0.383,0.290,
0.322,0.339,0.386,0.125,nan,0.346,0.386,0.307,0.208,0.324,
0.366,0.287,0.325,0.362,0.312,0.281,0.293,0.250,nan,0.375,
0.369,0.312,0.316,0.330,0.331,0.062,nan,nan,nan,nan,
nan,0.250,0.301,0.283,0.293,0.312,0.375,0.344,nan,nan,
nan,nan,0.375,0.521,0.330,0.263,0.500,0.292,nan,nan,
nan,0.562,nan,0.362,0.365,0.438,0.438,0.469,0.625,nan,
0.271,0.500,nan,0.396,0.328,0.330,0.357,0.332,0.271,nan,
nan,0.281,0.438,0.396,0.348,0.312,0.307,0.304,0.188,nan,
