0.330,0.332,0.312,0.329,0.320,0.312,0.375,0.261,nan,nan,
nan,0.316,0.325,0.316,nan,0.375,0.388,0.259,0.438,nan,
0.312,0.448,0.312,0.266,0.438,nan,nan,0.375,nan,0.188,
0.323,0.406,0.344,0.250,0.396,0.319,0.333,0.365,0.156,0.301,
0.333,0.308,0.438,0.438,0.250,nan,0.347,0.336,0.312,0.281,
nan,0.322,0.321,0.287,0.319,0.312,0.312,0.328,0.299,0.359,
nan,0.287,0.125,0.341,0.364,0.375,0.354,0.334,0.364,0.352,
nan,nan,0.562,0.349,0.299,0.277,0.396,0.336,0.375,nan,
nan,nan,0.312,0.342,0.423,0.354,0.375,0.469,0.344,nan,
nan,0.396,0.333,0.361,0.307,0.304,0.315,0.324,0.375,nan,
