0.312,0.314,0.396,nan,0.312,0.328,0.263,0.250,0.281,0.344,
0.345,0.330,0.329,0.219,0.359,0.281,0.312,0.354,0.396,0.324,
0.292,0.312,0.345,0.309,0.344,nan,0.188,0.331,0.344,0.382,
0.438,0.378,0.311,0.332,0.188,nan,nan,0.342,0.430,0.250,
0.250,0.309,0.310,0.375,nan,0.281,0.317,0.314,0.354,0.344,
nan,0.500,0.312,nan,0.375,0.349,0.292,0.320,0.353,nan,
nan,nan,0.250,nan,nan,0.366,0.396,0.125,0.312,nan,
0.324,nan,0.377,0.255,0.359,0.350,0.326,0.250,0.237,0.375,
0.320,0.125,0.333,0.375,0.338,0.347,0.188,0.369,0.354,0.391,
0.281,0.318,0.344,0.375,0.375,0.345,0.250,0.359,0.319,nan,
