0.354,0.396,0.375,0.344,0.329,0.286,0.338,0.353,0.386,0.302,
0.351,0.259,nan,0.286,0.292,0.406,0.410,0.315,0.335,0.375,
0.306,0.346,0.400,nan,0.406,0.332,0.312,0.275,0.302,0.346,
0.309,0.324,0.319,0.304,0.369,0.350,0.316,0.266,0.312,0.391,
0.375,0.315,0.341,0.329,0.328,0.336,0.188,nan,nan,0.281,
0.350,0.417,0.317,0.355,0.352,0.425,0.250,nan,nan,nan,
nan,nan,0.438,0.384,0.125,nan,0.339,nan,nan,nan,
nan,0.406,0.312,0.362,0.250,0.250,0.188,0.375,0.500,nan,
nan,nan,0.359,0.344,0.304,nan,nan,0.323,0.375,nan,
nan,0.318,0.388,nan,0.396,nan,0.271,0.277,0.328,0.292,
