0.336,0.329,0.356,0.312,0.348,0.250,0.367,0.305,0.348,0.370,
0.308,0.385,0.281,0.350,0.370,0.431,0.317,0.350,0.325,0.308,
0.312,0.312,0.299,0.369,0.311,0.339,nan,0.380,0.348,0.312,
0.344,0.389,0.344,0.305,0.351,0.333,nan,0.250,0.250,nan,
0.438,0.331,0.335,0.341,0.250,0.320,0.375,0.375,nan,nan,
0.319,0.438,nan,0.188,0.369,0.393,0.336,0.327,nan,0.375,
0.325,0.250,0.312,0.229,0.335,0.396,0.338,0.406,nan,nan,
nan,0.350,0.339,nan,0.324,0.375,nan,0.344,0.321,0.188,
0.354,0.341,0.342,0.338,0.366,0.333,0.312,0.385,0.375,0.367,
0.294,0.312,0.297,nan,0.406,nan,0.225,0.340,0.375,0.368,
