0.391,0.364,0.304,0.125,0.325,0.356,0.375,0.354,0.281,0.379,
0.349,0.319,0.308,0.306,0.375,0.354,0.438,0.375,0.338,0.398,
0.302,0.341,0.324,0.315,0.319,nan,0.375,0.321,0.302,0.333,
0.375,0.271,0.352,0.347,0.375,0.375,0.438,0.364,0.354,0.469,
nan,0.188,0.404,0.312,nan,0.420,0.341,0.338,0.340,0.261,
nan,0.250,0.208,0.312,0.367,0.301,0.279,0.369,0.375,nan,
nan,nan,0.188,nan,nan,0.295,0.219,0.354,nan,nan,
0.312,0.330,0.331,0.438,0.358,0.325,0.323,0.292,nan,0.375,
0.345,0.312,0.375,0.250,0.425,0.219,0.271,0.356,0.331,0.292,
0.312,0.283,0.328,0.339,0.396,0.309,0.312,0.344,0.375,0.375,
