0.337,0.336,0.324,0.308,0.316,0.303,0.345,0.340,0.333,0.309,
0.363,0.335,0.293,0.340,0.324,0.335,0.365,0.366,0.292,0.290,
0.358,0.315,nan,0.282,0.351,0.319,0.364,0.452,0.339,0.452,
0.347,0.317,0.290,0.333,0.320,0.290,0.347,0.452,nan,nan,
0.387,0.342,0.357,0.326,0.379,0.316,0.194,0.349,nan,nan,
0.339,0.419,0.419,0.280,0.323,0.306,0.320,0.347,0.419,0.371,
0.317,0.355,nan,nan,0.332,nan,nan,0.323,0.349,nan,
nan,0.355,0.337,nan,0.258,0.355,nan,nan,nan,nan,
0.312,0.335,0.290,0.374,0.344,0.351,0.355,0.363,0.301,0.308,
0.337,0.348,0.366,0.406,0.373,0.320,0.355,0.332,0.316,0.361,
