nan,133.667,153.231,105.545,156.375,108.750,134.786,106.636,127.800,158.143,
148.500,95.600,92.833,148.000,160.500,nan,157.500,117.500,27.000,nan,
138.111,122.308,138.082,111.353,6.000,0.000,129.667,77.000,nan,164.571,
114.692,141.130,169.000,43.500,0.000,237.000,nan,0.000,nan,230.400,
71.250,152.357,146.368,49.500,222.000,46.500,nan,nan,nan,nan,
180.000,130.333,129.700,172.200,142.043,131.538,12.000,0.000,164.842,0.000,
0.000,143.294,0.000,131.400,176.757,155.625,99.000,0.000,81.429,189.000,
202.714,nan,27.000,220.667,191.400,86.500,125.062,186.000,12.000,98.727,
129.000,103.000,146.500,129.429,143.684,97.615,185.077,136.500,159.300,nan,
162.000,189.923,127.200,114.391,124.636,123.875,201.000,228.833,191.400,249.600,
