0.336,0.301,0.344,0.312,0.359,0.335,0.321,0.328,0.361,0.386,
0.332,0.367,0.350,0.307,0.351,0.299,0.318,0.331,0.358,nan,
0.328,0.321,0.375,0.281,0.316,0.294,0.324,nan,0.375,nan,
0.425,0.333,0.328,0.312,0.325,0.256,0.400,0.354,nan,nan,
0.336,0.266,0.331,0.289,0.250,0.375,0.375,0.339,nan,0.312,
0.342,0.438,0.344,nan,0.304,nan,0.328,0.281,0.500,0.354,
0.300,0.250,nan,nan,0.271,nan,0.188,0.250,0.297,nan,
0.375,nan,0.350,0.438,0.393,nan,nan,0.312,nan,nan,
0.281,0.344,0.292,0.391,0.250,0.333,0.292,0.292,0.333,0.333,
0.375,0.333,0.406,0.375,0.366,0.367,0.375,0.322,0.345,0.295,
