43.500,80.182,147.571,0.000,193.800,129.000,43.000,130.667,192.000,186.200,
97.345,64.200,135.316,122.667,0.000,116.000,0.000,119.375,196.200,66.750,
142.000,153.000,167.647,131.727,202.800,nan,206.000,153.273,54.250,176.500,
0.000,145.500,108.938,105.927,80.400,381.000,0.000,84.176,152.000,216.000,
nan,0.000,58.615,0.000,nan,142.714,153.231,151.800,167.778,125.727,
nan,0.000,120.000,0.000,183.750,124.333,93.462,106.692,384.000,nan,
nan,nan,0.000,nan,nan,193.714,30.000,96.000,nan,nan,
73.588,140.143,109.000,0.000,209.727,117.120,79.250,174.000,nan,0.000,
182.053,237.000,105.000,204.000,60.000,0.000,70.000,126.923,78.529,128.000,
188.500,141.000,201.000,136.929,167.000,167.471,0.000,174.000,117.000,185.000,
