0.326,0.312,0.313,0.323,0.366,0.336,0.274,0.323,0.323,0.337,
0.330,0.335,0.342,0.339,0.355,0.340,0.274,0.339,0.274,0.403,
0.315,0.274,0.339,0.348,0.484,0.387,nan,0.230,0.323,0.376,
0.339,0.343,0.314,0.355,nan,nan,0.409,0.332,0.310,0.313,
0.342,0.337,0.335,0.323,nan,nan,0.311,0.330,0.358,0.308,
0.452,0.323,0.403,nan,nan,0.339,0.347,0.323,0.319,0.258,
nan,nan,0.419,0.282,nan,0.350,0.403,0.340,0.333,nan,
0.371,nan,0.330,0.357,0.330,0.371,0.318,0.258,0.387,nan,
0.384,0.323,0.343,0.324,0.310,0.313,0.323,0.290,0.367,nan,
0.323,0.375,0.280,0.319,0.361,0.335,nan,0.334,0.336,nan,
