0.387,0.314,0.355,0.346,0.300,0.323,nan,nan,nan,0.516,
0.323,0.316,0.338,0.344,0.387,nan,0.347,0.343,0.363,0.320,
0.323,0.285,0.339,0.323,0.353,0.326,0.335,0.352,0.345,0.277,
0.400,0.330,0.306,0.326,0.303,0.335,0.368,0.357,0.318,0.403,
0.335,0.368,0.314,0.325,0.373,0.301,0.320,0.333,0.344,nan,
0.237,0.322,0.329,0.362,0.337,0.334,0.325,0.345,0.341,0.323,
0.395,0.339,0.387,0.387,0.313,nan,nan,0.258,0.365,0.323,
0.484,nan,nan,0.323,0.326,0.310,nan,nan,nan,nan,
0.366,nan,0.581,0.327,0.327,0.341,0.194,nan,nan,nan,
0.345,0.323,0.337,0.323,0.336,0.468,0.381,0.290,nan,0.290,
