0.375,0.263,0.368,nan,0.375,0.274,0.375,0.344,0.340,0.332,
0.367,0.321,0.341,0.298,0.250,0.333,0.271,0.301,0.362,0.359,
0.125,0.324,0.292,0.333,0.338,0.306,0.414,0.326,0.328,0.125,
0.393,0.339,0.352,0.346,0.352,0.232,0.188,0.343,0.307,0.375,
nan,0.469,0.380,0.479,0.312,0.406,0.382,0.319,0.326,0.318,
0.275,0.375,0.309,0.344,0.354,0.273,0.375,0.352,0.358,0.305,
nan,0.250,0.241,0.438,0.400,0.335,0.250,nan,0.312,nan,
0.453,0.306,0.322,nan,0.347,0.281,0.375,nan,0.375,nan,
0.333,0.344,0.366,0.292,0.321,0.229,nan,0.312,0.469,0.375,
0.396,0.340,0.308,0.320,0.312,0.388,0.328,0.344,0.328,0.327,
