0.281,0.309,0.323,0.327,0.344,0.348,0.562,nan,nan,0.375,
0.359,0.359,0.350,0.359,0.219,0.317,0.500,nan,nan,0.500,
0.344,0.350,0.219,0.562,0.359,0.188,nan,0.250,0.323,0.340,
0.188,0.312,0.309,0.438,0.240,0.365,0.304,0.287,0.125,0.320,
0.319,0.328,0.337,0.312,0.375,0.393,0.341,0.311,0.340,0.250,
0.312,0.330,0.359,0.385,0.359,0.366,0.417,0.341,0.344,nan,
nan,0.344,0.312,0.340,0.294,0.354,nan,0.361,0.312,0.375,
nan,nan,nan,0.305,0.438,0.250,0.219,0.312,0.188,nan,
nan,0.365,0.333,0.342,0.333,0.354,0.335,0.344,0.365,nan,
0.312,0.296,0.347,0.342,0.354,0.317,0.438,0.312,0.302,nan,
