0.400,0.326,0.356,0.312,0.375,0.351,0.438,0.304,0.309,0.368,
0.321,0.250,0.363,0.356,0.295,0.308,0.344,0.348,0.305,0.273,
0.375,0.306,0.357,0.308,0.310,0.281,0.335,0.333,0.312,0.250,
0.383,0.346,0.341,0.362,0.333,0.339,0.438,0.299,0.372,0.312,
0.312,0.312,0.361,0.354,nan,0.375,0.316,0.310,0.346,0.333,
0.271,0.417,0.393,0.438,0.388,0.263,0.328,0.241,0.381,0.328,
0.375,nan,nan,nan,0.438,0.260,nan,nan,0.500,0.438,
0.346,0.205,0.362,0.312,0.350,0.344,0.312,nan,nan,0.219,
0.366,0.321,0.337,0.312,0.250,0.375,nan,0.594,0.287,0.350,
0.343,0.350,0.338,0.219,0.308,0.318,0.322,0.283,0.364,0.351,
