0.354,0.345,0.315,0.379,0.375,0.320,0.375,nan,nan,nan,
0.355,0.339,0.336,0.350,0.338,0.330,0.354,0.312,nan,0.361,
nan,0.350,0.330,0.391,nan,0.438,0.125,0.250,0.296,0.325,
0.438,0.301,0.349,0.372,nan,nan,0.562,0.375,0.400,0.312,
0.317,0.290,0.359,0.250,nan,nan,0.334,0.329,0.329,0.348,
nan,0.358,0.375,0.375,0.354,0.366,0.312,0.305,0.321,0.260,
0.354,0.369,nan,nan,0.328,0.317,0.469,0.308,0.359,0.396,
0.375,0.208,nan,0.339,0.359,0.316,0.312,0.344,0.333,nan,
0.250,0.347,0.352,0.344,0.352,0.344,nan,0.333,0.312,nan,
0.250,0.331,0.188,0.369,0.330,0.321,nan,0.344,0.307,0.312,
