157.800,162.857,134.700,91.154,145.714,148.909,25.200,42.000,0.000,225.000,
122.900,106.125,179.368,62.167,93.900,144.833,0.000,nan,212.000,79.500,
0.000,75.000,145.333,72.375,105.750,0.000,nan,220.000,178.125,120.714,
83.143,180.429,156.391,124.875,0.000,0.000,132.000,81.571,92.538,126.000,
114.462,117.556,236.182,0.000,nan,76.000,160.333,169.200,106.350,165.500,
nan,7.000,97.500,nan,nan,93.000,36.429,139.355,105.500,0.000,
nan,nan,0.000,0.000,39.000,118.421,120.000,127.364,nan,0.000,
nan,177.000,153.667,114.692,165.000,169.071,147.600,0.000,nan,nan,
139.429,0.000,147.250,112.324,146.308,95.538,0.000,125.727,117.667,nan,
68.400,166.000,150.000,255.000,127.781,131.100,24.000,126.000,144.667,0.000,
