64.833,140.769,130.750,19.500,82.750,147.316,178.800,nan,204.000,155.250,
171.529,124.615,138.243,30.000,162.000,84.000,nan,208.286,112.750,435.000,
247.000,108.375,125.893,160.800,nan,nan,nan,220.000,132.000,426.000,
150.000,112.161,165.771,211.350,0.000,nan,88.200,100.250,132.250,0.000,
111.000,114.774,189.652,0.000,nan,120.000,82.500,132.550,103.742,156.600,
0.000,nan,220.000,nan,nan,156.818,89.000,154.545,125.571,nan,
nan,nan,154.000,0.000,nan,173.625,102.375,28.636,185.250,nan,
195.600,nan,187.429,138.231,160.000,nan,224.400,102.000,165.000,nan,
100.154,0.000,198.000,95.625,130.400,156.333,nan,176.118,130.875,177.000,
120.273,138.273,114.000,53.333,89.625,120.375,nan,161.333,119.786,nan,
