0.318,0.338,0.349,0.340,0.335,0.376,0.226,0.352,nan,nan,
nan,0.353,0.306,0.336,nan,0.387,0.290,0.332,0.323,nan,
0.484,0.344,0.323,0.310,0.226,nan,nan,0.226,nan,0.355,
0.352,0.323,0.349,0.301,0.290,0.342,0.334,0.342,0.387,0.323,
0.280,0.327,0.419,0.194,0.323,nan,0.367,0.317,0.339,0.371,
nan,0.337,0.338,0.335,0.333,0.312,0.359,0.323,0.348,0.282,
nan,0.352,0.323,0.346,0.305,0.288,0.280,0.332,0.323,0.343,
nan,nan,0.226,0.317,0.373,0.355,0.333,0.362,0.258,nan,
nan,nan,0.274,0.312,0.305,0.342,0.333,0.274,0.339,nan,
nan,0.333,0.333,0.330,0.320,0.340,0.338,0.327,0.484,nan,
