0.420,0.331,0.339,0.309,0.329,0.385,0.359,0.301,nan,nan,
nan,0.316,0.334,0.305,nan,0.312,0.388,0.393,0.250,nan,
0.375,0.333,0.312,0.383,0.500,nan,nan,0.500,nan,0.312,
0.328,0.281,0.312,0.354,0.229,0.352,0.350,0.323,0.281,0.307,
0.250,0.286,0.359,0.250,0.438,nan,0.278,0.359,0.312,0.406,
nan,0.351,0.326,0.375,0.370,0.354,0.357,0.359,0.371,0.438,
nan,0.338,0.312,0.347,0.366,0.331,0.312,0.353,0.358,0.273,
nan,nan,0.500,0.349,0.292,0.302,0.354,0.336,0.375,nan,
nan,nan,0.328,0.324,0.381,0.321,0.322,0.281,0.302,nan,
nan,0.417,0.208,0.319,0.359,0.362,0.337,0.301,0.250,nan,
