0.323,0.316,0.319,0.300,0.341,0.341,0.323,0.242,0.290,0.355,
0.333,0.333,0.314,0.319,0.332,0.342,0.419,nan,0.323,0.331,
0.419,0.330,0.315,0.327,0.419,0.387,nan,0.280,0.323,0.352,
0.336,0.329,0.348,0.383,0.355,0.452,0.298,0.333,0.325,0.316,
0.347,0.330,0.367,0.194,nan,0.194,0.314,0.325,0.344,0.317,
nan,0.290,0.339,nan,nan,0.281,0.336,0.348,0.403,0.452,
nan,nan,0.387,0.258,0.387,0.367,0.419,0.370,nan,0.306,
nan,0.210,0.305,0.295,0.316,0.332,0.323,0.387,nan,nan,
0.323,0.363,0.315,0.324,0.310,0.325,0.323,0.330,0.333,nan,
0.381,0.312,0.355,0.258,0.318,0.332,0.366,0.323,0.330,0.258,
