0.320,0.331,0.393,0.375,0.332,0.323,0.383,0.356,0.327,0.297,
0.420,0.325,0.315,0.419,0.275,0.323,0.366,0.335,0.301,0.383,
0.125,0.336,0.301,0.259,0.321,0.350,0.290,0.350,0.344,nan,
0.324,0.336,0.344,0.297,0.320,0.391,0.263,0.293,0.305,0.266,
nan,nan,0.275,0.417,0.250,0.312,0.355,0.338,0.319,0.188,
0.312,0.469,0.321,0.438,0.319,0.333,0.319,0.297,0.319,0.359,
nan,nan,0.312,0.312,0.323,0.292,0.500,nan,0.188,0.375,
0.391,0.521,0.469,0.062,0.326,0.312,nan,nan,0.188,0.531,
0.367,0.453,0.341,nan,0.300,0.375,0.344,0.312,0.400,0.328,
0.309,0.375,0.292,0.396,0.300,0.359,0.336,0.308,0.219,0.323,
