nan,0.326,0.322,0.347,0.289,0.391,0.317,0.349,0.375,0.304,
0.359,0.325,0.306,0.312,0.391,nan,0.344,0.340,0.312,nan,
0.310,0.312,0.336,0.324,0.312,0.438,0.326,0.250,nan,0.321,
0.351,0.342,0.354,0.266,0.438,0.312,nan,0.500,nan,0.300,
0.344,0.295,0.345,0.125,0.281,0.250,nan,nan,nan,nan,
0.312,0.349,0.315,0.362,0.304,0.308,0.438,0.375,0.329,0.688,
0.375,0.298,0.250,0.343,0.299,0.336,0.412,0.375,0.393,0.320,
0.375,nan,0.406,0.382,0.388,0.198,0.375,0.333,0.406,0.239,
0.438,0.271,0.312,0.317,0.332,0.293,0.284,0.305,0.338,nan,
0.281,0.356,0.388,0.399,0.324,0.299,0.219,0.358,0.325,0.362,
