0.330,0.340,0.286,0.323,0.188,0.363,0.375,0.312,0.250,nan,
0.348,0.426,0.328,0.312,0.375,0.365,0.366,nan,nan,0.350,
0.323,0.391,0.332,0.332,0.438,0.305,0.406,0.250,0.375,0.344,
0.354,0.324,0.341,0.330,nan,0.312,nan,0.317,0.312,0.359,
0.294,0.380,0.347,0.333,0.125,0.469,0.312,0.353,0.319,0.375,
0.219,0.281,0.382,nan,nan,0.411,0.312,0.318,0.326,nan,
nan,0.438,nan,nan,nan,0.333,0.500,0.354,0.338,0.375,
nan,0.344,0.281,0.285,0.427,0.342,0.250,0.375,0.188,nan,
0.354,nan,0.375,0.340,0.406,0.299,nan,0.304,0.375,0.125,
0.188,0.406,0.438,0.385,0.342,0.305,nan,0.344,0.367,0.375,
