nan,0.312,0.339,0.362,0.347,0.330,0.275,0.361,0.344,0.366,
0.625,0.326,0.298,0.281,0.287,0.250,0.312,0.331,0.375,0.458,
0.360,0.364,0.303,0.299,0.250,0.562,0.328,0.406,nan,0.359,
0.331,0.340,0.354,0.356,0.250,0.281,0.312,nan,nan,0.312,
0.412,0.342,0.348,0.362,0.250,0.500,0.312,nan,nan,nan,
0.344,0.327,0.343,0.322,0.305,0.318,0.429,nan,0.411,nan,
nan,0.383,nan,0.385,0.351,0.371,0.268,0.375,0.344,0.469,
0.339,nan,nan,0.430,0.375,0.250,0.375,0.287,0.340,0.328,
nan,0.250,0.229,0.318,0.369,0.362,0.383,0.301,0.333,0.250,
0.438,0.301,0.388,0.320,0.338,0.305,0.281,0.330,0.330,0.469,
