0.000,136.909,167.667,106.688,148.333,42.000,129.900,158.571,159.429,216.000,
51.857,nan,117.818,161.250,0.000,0.000,93.600,89.053,173.500,84.214,
138.273,149.333,130.138,187.565,0.000,nan,124.333,159.000,15.000,59.000,
168.600,124.714,123.938,0.000,nan,74.250,267.000,nan,nan,143.667,
0.000,121.950,114.000,303.000,nan,nan,nan,nan,0.000,0.000,
145.000,78.833,145.500,201.000,121.286,194.667,0.000,207.429,117.000,88.000,
130.000,117.000,163.286,71.800,110.647,196.714,159.000,0.000,nan,164.438,
57.000,0.000,104.000,117.750,167.400,0.000,137.333,108.000,69.000,173.625,
0.000,136.125,97.500,129.125,119.694,237.500,169.138,175.667,186.562,nan,
0.000,136.500,77.625,87.316,115.909,136.579,75.000,95.455,109.167,132.000,
