nan,0.293,0.366,0.357,0.341,0.312,0.300,0.356,0.375,0.384,
0.312,0.344,0.330,0.323,0.375,0.250,0.382,0.328,0.438,0.438,
0.363,0.386,0.322,0.312,0.125,0.250,0.328,0.323,nan,0.370,
0.344,0.361,0.361,0.300,0.125,0.359,0.312,nan,nan,0.312,
0.338,0.296,0.259,0.450,0.188,0.188,0.312,nan,nan,nan,
0.219,0.337,0.315,0.312,0.355,0.321,0.304,nan,0.393,nan,
nan,0.359,nan,0.349,0.312,0.348,0.312,0.250,0.406,0.469,
0.339,nan,nan,0.324,0.321,0.357,0.369,0.381,0.271,0.281,
nan,0.250,0.271,0.367,0.326,0.350,0.309,0.401,0.417,0.375,
0.438,0.360,0.350,0.372,0.315,0.349,0.328,0.347,0.321,0.438,
