0.339,0.385,nan,0.438,0.281,0.332,0.343,0.319,0.385,0.316,
0.352,0.302,0.417,0.338,0.361,0.369,0.354,0.304,0.309,0.366,
0.371,0.336,0.394,0.188,0.438,0.348,0.333,0.396,0.250,0.267,
0.312,0.352,0.345,0.322,0.330,0.362,0.334,0.365,0.250,0.333,
0.342,0.361,0.351,0.346,0.352,0.333,0.250,0.406,nan,0.250,
0.375,0.289,0.343,0.311,0.375,nan,nan,nan,nan,nan,
nan,0.375,0.312,0.336,nan,nan,0.312,nan,nan,nan,
nan,0.312,nan,0.312,0.219,nan,0.312,0.417,0.406,nan,
nan,0.375,0.188,nan,0.301,0.438,0.354,0.438,0.260,nan,
nan,0.320,0.340,0.500,0.312,0.438,0.375,0.350,0.392,nan,
