0.333,0.312,0.292,nan,0.354,0.330,0.362,0.188,0.406,0.367,
0.323,0.362,0.349,0.365,0.359,0.375,0.375,0.267,0.361,0.395,
0.319,0.383,0.348,0.333,0.344,nan,0.312,0.369,0.305,0.299,
0.375,0.331,0.328,0.332,0.375,nan,nan,0.379,0.289,0.250,
0.417,0.303,0.332,0.812,nan,0.219,0.346,0.324,0.357,0.336,
nan,0.438,0.393,nan,0.359,0.293,0.250,0.330,0.335,nan,
nan,nan,0.188,nan,nan,0.321,0.250,0.375,0.385,nan,
0.312,nan,0.344,0.288,0.250,0.400,0.403,0.406,0.325,0.500,
0.367,0.375,0.271,0.312,0.312,0.333,0.438,0.350,0.365,0.297,
0.352,0.292,0.344,0.328,0.312,0.329,0.250,0.344,0.345,nan,
