0.250,0.302,0.338,0.500,0.359,0.379,0.281,0.281,0.259,0.347,
0.331,0.375,0.320,0.305,0.323,0.297,0.344,0.328,0.406,0.344,
0.328,0.340,0.325,0.323,0.338,0.339,0.287,0.337,0.347,0.438,
0.422,0.355,0.336,0.301,0.276,0.357,0.250,0.305,0.337,0.400,
0.312,0.344,0.304,0.354,0.438,0.318,0.266,0.355,0.354,0.375,
0.229,nan,0.312,0.562,0.299,0.273,0.438,0.203,0.336,0.375,
nan,nan,0.281,0.250,0.396,0.333,nan,0.438,0.344,nan,
0.325,0.328,0.281,0.312,0.327,0.347,0.438,nan,nan,nan,
0.289,0.292,0.312,0.312,0.302,nan,nan,0.344,0.304,0.366,
0.370,0.324,0.344,0.307,0.293,0.368,0.318,0.333,0.339,0.292,
