nan,0.315,0.363,0.334,0.309,0.319,0.331,0.348,0.308,0.403,
0.316,0.374,0.302,0.367,0.277,0.371,0.344,0.334,0.290,0.419,
0.322,0.333,0.307,0.297,0.258,0.419,0.357,nan,nan,0.277,
0.313,0.371,0.352,0.343,0.194,0.319,0.309,0.387,nan,0.387,
0.276,0.310,0.325,0.316,0.301,nan,nan,nan,0.419,0.267,
0.331,0.355,0.309,0.384,0.323,0.357,0.355,nan,0.302,0.516,
0.351,0.355,0.342,0.310,0.329,0.301,0.387,0.258,0.327,0.385,
0.337,nan,nan,0.293,0.313,0.379,0.353,0.290,0.306,0.308,
nan,nan,0.269,0.308,0.323,0.369,0.293,0.318,0.321,nan,
nan,0.367,0.323,0.319,0.351,0.337,0.318,0.309,0.295,0.323,
