0.297,0.320,0.333,0.338,0.329,0.348,0.375,nan,nan,0.188,
0.328,0.352,0.375,0.320,0.312,0.337,0.375,nan,nan,0.344,
0.398,0.321,0.125,0.438,0.359,0.229,nan,0.250,0.500,0.321,
0.500,0.344,0.337,0.375,0.271,0.255,0.232,0.325,0.375,0.355,
0.381,0.354,0.348,0.219,0.325,0.420,0.341,0.319,0.309,0.438,
0.438,0.332,0.312,0.281,0.422,0.324,0.458,0.354,0.305,nan,
nan,0.312,0.375,0.365,0.322,0.365,nan,0.323,0.339,0.125,
nan,nan,nan,0.336,0.500,0.500,0.312,0.299,0.344,nan,
nan,0.323,0.479,0.344,0.384,0.250,0.278,0.406,0.417,nan,
0.469,0.292,0.362,0.325,0.271,0.260,0.406,0.375,0.312,nan,
