0.417,0.315,0.338,0.386,0.281,0.326,0.327,0.316,0.307,0.302,
0.302,0.322,0.306,0.338,nan,0.346,0.384,0.314,0.377,0.324,
0.329,0.299,0.380,0.260,0.312,0.339,0.378,0.385,0.384,0.384,
0.359,0.406,0.345,0.341,0.344,0.356,0.366,nan,0.333,0.389,
0.261,0.330,0.341,0.331,0.312,0.500,0.062,nan,nan,0.250,
0.188,0.281,0.322,0.336,0.346,0.312,nan,0.375,nan,nan,
nan,nan,0.234,0.259,0.266,0.338,0.271,0.271,nan,nan,
0.500,0.375,nan,0.344,0.365,nan,0.250,0.266,nan,nan,
0.259,nan,0.375,0.542,0.350,0.329,0.312,0.342,0.250,0.438,
0.250,0.328,0.375,0.330,0.344,0.341,0.319,0.306,0.312,0.375,
