0.417,0.271,0.318,0.368,0.263,nan,nan,nan,0.375,0.375,
0.366,0.375,0.349,0.317,0.375,0.188,0.350,0.300,0.323,0.352,
0.375,nan,0.367,0.292,0.312,0.317,0.344,0.307,0.375,0.326,
0.327,0.375,0.125,0.418,0.354,0.333,0.357,0.281,0.293,0.325,
0.298,0.308,0.319,0.308,0.322,0.368,0.335,0.350,0.353,0.344,
0.281,0.360,0.375,0.392,0.312,0.341,0.325,0.352,0.375,0.438,
0.354,0.400,0.167,0.281,0.321,0.362,0.219,0.383,0.289,0.312,
nan,nan,nan,0.340,0.264,0.281,nan,nan,0.188,nan,
0.375,0.250,0.375,0.319,0.332,0.359,0.344,nan,nan,nan,
0.318,0.344,0.388,0.320,0.338,0.304,0.237,nan,0.375,0.325,
