0.292,0.385,0.357,0.500,0.344,0.309,0.375,0.323,0.286,0.330,
0.319,0.344,0.330,0.250,0.354,0.438,0.219,0.297,0.312,0.365,
0.266,0.356,0.292,0.362,0.321,0.312,0.375,0.293,0.340,0.500,
0.375,0.340,0.320,0.334,0.370,0.321,0.062,0.324,0.293,0.450,
0.375,0.406,0.329,0.417,0.219,0.339,0.306,0.334,0.332,0.400,
0.333,nan,0.330,0.375,0.344,0.366,0.450,0.320,0.368,0.250,
nan,nan,0.312,0.188,0.333,0.375,nan,0.375,0.406,nan,
0.312,0.375,0.330,0.375,0.295,0.354,0.354,nan,nan,nan,
0.336,0.328,0.469,0.406,0.271,nan,nan,0.219,0.384,0.312,
0.332,0.360,0.352,0.318,0.365,0.324,0.352,0.385,0.312,0.327,
