0.312,0.344,0.406,nan,nan,0.350,0.327,0.345,0.352,0.417,
0.312,0.320,0.271,nan,0.304,0.338,0.301,0.365,0.339,0.312,
0.404,0.297,0.312,0.391,0.297,0.375,0.347,0.319,0.344,0.320,
0.312,0.306,0.292,0.344,0.340,0.286,0.318,0.344,0.500,0.344,
0.258,0.334,0.337,0.325,0.325,0.304,0.333,0.396,0.375,0.438,
0.281,0.365,0.339,0.318,0.352,0.339,0.188,nan,nan,nan,
nan,0.365,0.229,0.368,0.420,0.469,0.188,nan,nan,nan,
nan,0.292,0.188,0.312,nan,0.312,nan,nan,nan,nan,
nan,nan,nan,nan,0.353,nan,0.375,0.393,nan,nan,
nan,0.425,0.250,0.500,0.312,nan,0.281,0.352,0.411,0.250,
