0.312,0.326,0.336,0.351,0.329,0.354,0.312,0.250,0.312,0.562,
0.438,0.408,0.356,0.344,0.250,0.438,0.287,nan,nan,0.312,
0.438,0.359,0.275,0.359,nan,0.250,0.333,nan,0.438,0.317,
0.375,0.469,0.188,0.188,0.438,0.324,0.331,0.396,nan,0.333,
0.250,0.338,0.312,0.312,0.301,0.333,0.330,0.347,0.388,0.375,
0.417,0.341,0.343,0.354,0.395,0.389,0.334,0.312,0.361,0.330,
0.219,0.414,0.328,0.328,0.323,0.297,0.336,0.333,0.368,0.355,
nan,0.229,0.219,0.344,0.396,nan,0.312,0.344,0.500,nan,
nan,0.094,0.396,0.325,0.327,0.344,0.330,0.365,0.385,0.375,
nan,0.337,0.354,0.379,0.329,0.288,0.306,0.330,0.312,0.438,
