0.332,0.357,0.375,0.250,0.327,0.438,0.339,0.306,0.304,0.326,
0.333,0.342,0.062,0.392,0.237,0.266,0.292,0.315,0.290,0.333,
0.357,0.385,0.375,0.344,0.438,0.385,0.375,0.400,0.359,0.321,
0.372,0.347,0.329,0.321,0.365,0.400,0.355,0.359,0.417,0.438,
0.625,0.341,0.353,0.351,0.329,0.320,nan,nan,nan,0.375,
0.312,0.306,0.333,0.316,0.356,0.351,0.297,nan,nan,nan,
nan,0.417,0.302,0.344,0.312,0.344,0.396,nan,nan,nan,
nan,0.333,0.375,nan,0.375,0.250,nan,nan,nan,nan,
nan,0.250,nan,nan,0.306,nan,0.562,0.406,0.375,0.438,
nan,0.379,0.250,nan,0.266,nan,0.312,0.188,0.297,0.531,
