0.355,0.367,0.312,0.304,0.242,0.355,0.097,0.277,0.303,0.327,
nan,0.312,0.381,0.337,nan,nan,0.349,0.319,0.332,0.452,
0.318,0.356,0.331,0.319,0.323,nan,0.320,0.355,0.306,0.484,
0.323,0.307,0.339,0.355,nan,nan,0.301,0.323,nan,0.367,
0.376,0.342,0.335,0.312,nan,0.387,0.129,nan,nan,0.258,
0.338,0.353,0.334,0.349,nan,0.325,0.347,0.345,0.323,0.351,
0.387,0.226,0.333,0.290,0.308,0.338,0.314,0.281,nan,0.341,
0.323,nan,0.328,0.194,0.327,0.333,0.323,0.237,0.328,0.334,
nan,0.284,0.306,0.344,0.328,0.341,0.320,0.353,0.335,0.348,
0.387,0.335,0.341,0.290,0.333,0.321,0.345,0.347,0.339,nan,
