120.000,186.833,107.400,159.000,nan,0.000,261.000,105.000,123.333,137.750,
nan,122.250,239.000,138.750,0.000,nan,155.053,81.000,222.375,0.000,
116.250,191.341,154.526,132.000,177.500,141.000,162.081,45.000,nan,0.000,
33.000,95.812,145.000,126.231,0.000,255.000,174.750,118.000,nan,73.500,
107.500,145.350,131.486,139.500,nan,0.000,0.000,111.000,nan,30.000,
123.000,141.115,179.036,147.000,0.000,144.706,14.000,90.250,0.000,237.000,
179.500,204.000,172.364,nan,148.636,125.217,124.773,nan,98.000,152.000,
68.000,nan,211.333,nan,165.000,247.000,82.286,92.400,126.000,85.333,
152.625,101.538,147.818,197.000,110.318,118.154,63.600,185.286,175.750,164.333,
114.000,107.760,132.409,157.909,212.182,96.000,114.706,68.769,62.400,0.000,
