0.306,0.322,0.324,0.380,0.371,0.375,0.500,0.229,0.312,0.250,
0.354,0.340,0.338,0.414,0.188,0.344,0.338,nan,nan,0.500,
0.375,0.406,0.300,0.332,nan,0.375,0.354,nan,0.438,0.332,
0.396,0.344,0.250,0.438,0.354,0.306,0.364,0.438,nan,0.292,
0.266,0.381,0.289,0.438,0.307,0.396,0.364,0.332,0.350,0.250,
0.312,0.327,0.338,0.438,0.340,0.346,0.317,0.340,0.346,0.301,
0.281,0.352,0.234,0.350,0.299,0.281,0.273,0.364,0.354,0.312,
nan,0.250,0.438,0.388,0.302,nan,0.281,0.307,0.375,nan,
nan,0.438,0.312,0.314,0.358,0.344,0.312,0.362,0.332,0.312,
nan,0.413,0.330,0.324,0.321,0.327,0.375,0.319,0.354,0.375,
