nan,0.365,0.366,0.312,0.375,0.406,0.396,0.367,0.438,0.375,
0.438,0.386,0.327,0.317,0.333,0.375,0.344,0.361,0.336,0.406,
0.250,0.312,0.338,0.334,0.297,0.380,0.364,0.281,0.367,0.336,
nan,0.367,0.353,0.329,0.315,0.348,0.372,0.406,0.327,0.320,
0.297,0.338,0.349,0.321,0.301,0.350,0.268,nan,0.351,0.333,
0.326,0.306,0.344,0.325,0.316,0.312,0.336,0.375,0.281,nan,
0.500,0.312,0.250,0.312,0.393,0.292,0.250,nan,nan,nan,
0.188,0.385,0.375,0.325,0.375,nan,nan,nan,0.562,nan,
nan,0.125,0.375,0.250,0.375,0.281,nan,0.344,0.344,nan,
0.250,0.333,0.297,nan,0.438,0.396,0.500,0.331,0.375,nan,
