0.353,0.398,0.287,0.325,0.400,0.359,0.331,0.332,0.356,0.306,
0.363,0.307,0.438,0.396,0.367,0.292,0.323,0.342,0.382,0.309,
0.312,nan,0.375,0.283,0.377,0.292,0.312,0.281,0.315,0.422,
0.250,0.370,0.344,0.330,0.312,0.333,nan,nan,0.188,nan,
0.250,0.336,0.365,0.290,0.297,0.375,0.450,0.352,0.375,nan,
0.312,0.438,0.250,0.366,0.333,0.375,0.321,0.357,0.338,0.425,
0.250,0.312,0.562,0.275,0.294,0.375,0.312,nan,nan,nan,
0.250,0.312,0.316,0.250,0.278,0.295,nan,nan,0.330,nan,
0.332,0.341,0.341,0.375,0.406,0.406,nan,0.400,0.312,0.294,
0.240,0.325,0.312,0.391,0.302,nan,0.500,0.362,0.412,0.383,
