0.312,0.342,0.363,0.366,0.336,0.375,0.328,0.375,0.375,0.281,
nan,0.339,0.307,0.188,0.382,0.312,0.281,0.379,0.300,0.338,
nan,0.438,nan,0.312,nan,nan,0.250,0.271,nan,0.250,
0.422,nan,0.349,0.286,0.317,0.438,0.321,0.375,0.375,0.285,
0.266,0.306,0.319,0.279,0.297,0.344,0.345,0.288,0.417,nan,
0.338,0.388,0.339,0.306,0.317,0.264,0.329,0.301,0.347,0.366,
0.375,nan,0.188,0.340,0.339,0.438,nan,0.356,0.326,0.336,
0.312,nan,0.219,0.328,0.392,0.352,0.250,0.312,0.319,0.500,
nan,0.562,0.344,0.349,0.322,0.354,0.260,nan,0.396,nan,
0.375,nan,0.333,0.324,0.355,0.330,0.307,0.385,nan,0.297,
