0.354,0.357,0.415,0.297,0.375,0.375,0.362,0.375,0.338,0.300,
nan,0.359,0.332,0.333,0.375,0.328,0.326,0.500,0.330,0.338,
0.357,0.340,0.329,0.350,0.271,0.325,0.335,0.326,0.281,nan,
nan,0.292,0.301,0.364,0.208,0.398,0.330,0.352,0.375,0.375,
0.375,0.345,0.335,0.301,0.375,0.438,0.366,0.375,nan,nan,
0.363,0.349,0.342,0.369,nan,0.312,nan,nan,0.375,0.336,
0.266,0.375,0.366,0.438,0.350,0.305,0.297,nan,nan,nan,
0.354,nan,0.323,0.250,0.469,0.380,0.344,0.438,0.323,0.391,
0.306,0.338,0.275,0.316,0.321,0.312,0.312,0.318,0.379,0.389,
0.312,0.319,0.340,0.392,0.345,0.362,0.369,0.259,0.438,0.188,
