0.290,0.341,0.328,0.333,0.341,0.194,0.392,0.349,0.346,0.363,
0.344,0.326,0.333,0.333,nan,0.344,0.310,0.290,0.309,0.410,
0.324,0.318,0.315,0.333,0.258,0.337,0.311,0.409,0.387,0.376,
0.419,0.296,0.335,0.328,0.364,0.369,0.335,0.333,nan,0.344,
0.323,0.328,0.321,0.340,0.226,0.347,0.350,0.290,nan,nan,
0.347,0.339,0.337,0.355,nan,0.387,nan,nan,0.306,0.314,
nan,0.301,0.301,0.361,0.329,0.352,0.347,nan,0.355,0.387,
nan,0.290,0.339,0.360,0.290,0.387,0.323,0.258,0.375,nan,
nan,0.387,0.321,0.348,0.342,0.342,0.316,0.316,0.331,0.328,
0.258,0.349,0.348,0.286,0.328,0.330,0.368,0.315,0.387,0.274,
