0.312,0.312,0.315,nan,0.271,0.345,0.312,0.312,0.344,0.332,
0.352,0.268,0.315,0.401,0.375,0.403,0.250,0.339,0.394,0.219,
0.312,0.352,0.367,0.369,0.305,0.263,0.195,0.347,0.371,0.125,
0.268,0.341,0.384,0.340,0.358,0.295,0.375,0.320,0.302,0.234,
nan,0.375,0.339,0.458,0.250,0.406,0.354,0.338,0.318,0.324,
0.287,0.500,0.336,0.281,0.281,0.364,0.383,0.289,0.316,0.336,
nan,0.312,0.339,0.500,0.300,0.330,0.500,nan,0.328,nan,
0.297,0.256,0.362,nan,0.352,0.323,0.344,nan,0.312,nan,
0.340,0.375,0.357,0.333,0.330,0.354,nan,0.250,0.391,0.338,
0.292,0.403,0.277,0.297,0.369,0.306,0.306,0.359,0.312,0.365,
