0.312,0.309,0.373,0.353,0.351,0.330,0.375,0.312,nan,nan,
0.396,0.307,0.283,0.281,0.366,0.375,0.320,nan,nan,nan,
nan,0.375,nan,0.354,nan,nan,0.406,nan,0.188,0.312,
0.307,0.306,0.292,0.324,0.281,0.333,0.295,0.375,0.250,0.306,
0.265,0.379,0.250,0.281,0.271,0.312,0.338,0.335,0.369,0.375,
0.188,0.292,0.327,0.292,0.350,0.328,0.349,0.326,0.310,0.492,
0.438,0.339,0.312,0.312,0.383,0.396,0.333,0.361,0.369,0.309,
nan,nan,0.438,0.304,0.329,0.290,0.375,0.292,0.365,nan,
nan,nan,0.594,0.327,0.350,0.352,0.348,0.156,0.328,nan,
nan,0.062,0.312,0.292,0.333,0.320,0.332,0.355,nan,nan,
