0.250,0.312,nan,0.333,0.306,0.296,0.368,0.337,0.336,0.500,
0.406,0.362,0.438,0.347,0.391,0.312,0.375,0.375,0.250,nan,
0.310,0.333,0.340,0.357,0.353,0.338,0.378,0.438,nan,0.281,
0.394,nan,0.333,0.324,0.286,0.340,0.438,nan,nan,0.312,
0.300,nan,0.326,0.312,0.156,0.312,nan,nan,0.750,0.417,
0.264,0.357,0.301,0.341,0.307,0.292,0.188,nan,0.362,0.188,
0.320,0.277,0.342,0.340,0.371,0.307,0.219,0.326,0.305,0.412,
0.385,0.337,0.369,0.298,0.315,0.327,0.339,0.385,0.354,0.330,
0.375,nan,0.500,0.316,0.299,0.312,0.286,0.340,0.290,0.396,
nan,0.330,nan,0.469,0.336,0.333,0.344,0.333,nan,nan,
