114.600,123.455,128.518,173.769,112.400,117.000,0.000,140.000,0.000,0.000,
171.000,124.174,167.100,185.625,262.500,162.000,20.400,nan,nan,0.000,
0.000,222.000,136.800,118.688,nan,0.000,4.000,nan,0.000,162.692,
64.000,18.000,0.000,0.000,174.000,140.222,82.235,22.000,nan,164.200,
131.250,196.500,229.125,0.000,67.909,147.500,55.909,132.143,159.600,0.000,
112.000,103.846,85.778,101.000,170.760,134.538,138.462,130.676,93.923,87.818,
63.000,32.250,71.250,182.100,203.500,198.750,184.500,96.294,132.333,135.750,
nan,84.000,180.000,91.200,177.000,nan,171.000,168.250,57.000,nan,
nan,69.000,132.000,133.308,101.045,199.500,181.286,86.684,113.526,0.000,
nan,81.692,70.429,153.882,93.387,143.077,60.000,131.000,159.000,0.000,
