0.281,0.333,0.314,0.355,0.323,0.343,0.355,0.419,0.355,0.330,
0.292,0.340,0.327,0.288,0.323,0.310,0.226,0.351,0.344,0.335,
0.290,0.369,0.332,0.356,0.284,0.343,0.369,0.323,0.301,0.323,
0.355,0.274,0.341,0.320,0.396,0.333,0.258,0.331,0.338,0.313,
nan,nan,0.351,0.350,0.387,0.310,0.331,0.322,0.345,0.381,
nan,nan,0.366,nan,0.329,0.354,0.274,0.326,0.318,0.280,
0.419,nan,0.419,nan,0.371,0.306,0.194,0.366,0.581,nan,
0.312,0.323,0.321,0.387,0.330,0.316,0.333,0.290,nan,nan,
0.318,0.316,0.290,0.310,0.335,0.366,0.323,0.280,0.258,0.306,
0.348,0.342,0.327,0.293,0.363,0.326,0.323,0.340,0.194,0.359,
