nan,142.688,145.029,221.333,143.933,104.000,0.000,0.000,0.000,nan,
nan,161.167,290.500,nan,57.000,189.000,202.500,72.000,44.400,68.250,
0.000,nan,0.000,144.750,nan,0.000,0.000,nan,0.000,nan,
118.500,202.800,228.000,178.846,175.500,306.000,143.500,nan,196.500,166.500,
234.500,121.125,27.600,112.500,189.000,85.714,71.250,178.250,105.000,66.000,
138.600,147.250,160.385,108.500,108.857,102.667,137.750,98.053,160.645,84.000,
0.000,207.000,0.000,87.231,128.438,97.500,2.250,168.000,149.270,154.105,
nan,nan,0.000,141.231,108.000,225.667,0.000,137.000,128.455,0.000,
nan,nan,53.143,144.652,139.868,148.895,261.429,0.000,181.000,nan,
nan,nan,129.429,97.680,160.886,174.000,122.318,192.857,0.000,nan,
