0.342,0.323,0.368,0.290,0.333,0.328,0.290,0.366,0.387,0.355,
0.312,0.309,0.300,0.286,0.395,0.274,0.310,nan,nan,0.419,
0.387,0.266,0.348,0.321,nan,0.226,0.258,nan,0.387,0.330,
0.280,0.387,0.387,0.452,0.366,0.314,0.332,0.226,nan,0.331,
0.387,0.300,0.319,0.290,0.355,0.323,0.361,0.336,0.290,0.387,
0.269,0.335,0.364,0.306,0.316,0.300,0.349,0.340,0.335,0.352,
0.323,0.331,0.323,0.327,0.339,0.379,0.351,0.323,0.290,0.361,
nan,0.430,0.274,0.294,0.344,nan,0.419,0.352,0.161,nan,
nan,0.435,0.333,0.356,0.323,0.315,0.295,0.321,0.336,0.290,
nan,0.347,0.387,0.355,0.330,0.308,0.358,0.349,0.323,0.323,
