nan,0.378,0.313,0.370,0.355,0.355,0.320,0.326,0.335,0.290,
0.347,0.355,0.349,0.301,0.355,nan,0.323,0.341,0.452,nan,
0.335,0.359,0.309,0.345,0.355,0.387,0.323,0.290,nan,0.318,
0.325,0.352,0.320,0.323,0.290,0.274,nan,0.226,nan,0.303,
0.359,0.357,0.321,0.403,0.387,0.355,nan,nan,nan,nan,
0.355,0.328,0.331,0.339,0.320,0.340,0.290,0.258,0.311,0.355,
0.290,0.351,0.548,0.332,0.358,0.357,0.310,0.355,0.318,0.327,
0.336,nan,0.226,0.323,0.310,0.328,0.319,0.317,0.306,0.381,
0.323,0.333,0.328,0.399,0.329,0.372,0.345,0.391,0.313,nan,
0.355,0.310,0.271,0.311,0.358,0.343,0.226,0.333,0.329,0.277,
