nan,0.384,0.347,0.375,0.346,0.500,0.500,nan,nan,nan,
0.375,0.381,0.349,0.219,0.326,0.340,0.312,0.336,0.271,0.328,
nan,0.375,0.417,0.312,0.312,0.312,0.250,0.406,0.469,0.250,
0.361,0.305,0.375,0.317,0.307,0.338,0.320,0.375,0.375,0.312,
0.250,0.333,0.366,0.349,0.351,0.336,0.307,0.324,0.271,nan,
0.484,0.318,0.362,0.375,0.341,0.352,0.324,0.324,0.345,0.417,
0.344,nan,0.250,0.273,0.296,0.375,0.208,0.297,0.338,0.341,
nan,nan,0.500,0.329,0.300,0.331,0.250,0.469,0.312,0.250,
nan,nan,0.329,0.318,0.334,0.333,0.431,0.375,0.406,nan,
nan,0.438,0.250,0.354,0.337,0.338,0.375,0.406,nan,0.339,
