0.328,0.360,nan,0.226,0.356,0.325,0.312,0.351,0.344,0.335,
0.308,0.339,0.419,0.320,0.344,0.319,0.331,0.338,0.328,0.346,
0.310,0.320,0.355,0.290,0.290,0.293,0.344,0.312,0.349,0.325,
0.306,0.331,0.346,0.365,0.323,0.316,0.349,0.344,0.355,0.344,
0.334,0.328,0.335,0.339,0.341,0.409,0.387,0.387,nan,0.387,
0.290,0.363,0.374,0.335,0.331,nan,nan,nan,nan,nan,
nan,0.452,0.301,0.335,nan,nan,0.333,nan,nan,nan,
nan,0.344,nan,0.355,0.290,nan,0.303,0.306,0.210,nan,
nan,0.355,0.339,nan,0.349,0.194,0.296,0.355,0.333,nan,
nan,0.327,0.380,0.355,0.355,0.194,0.323,0.323,0.305,nan,
