56.400,179.850,234.000,102.562,99.400,132.455,129.000,86.211,81.000,99.000,
135.273,135.375,149.167,155.091,145.615,100.725,152.250,282.000,70.200,122.571,
0.000,175.393,120.000,80.250,156.182,107.182,127.312,264.000,nan,0.000,
81.000,116.294,85.500,96.711,108.783,113.167,150.333,95.143,nan,nan,
145.000,212.727,116.100,117.500,0.000,48.333,167.571,163.714,201.450,0.000,
107.600,38.000,nan,nan,178.636,0.000,60.000,89.333,122.400,nan,
0.000,nan,94.000,nan,144.000,159.545,12.000,228.000,0.000,nan,
0.000,60.750,80.500,nan,nan,nan,0.000,nan,nan,0.000,
nan,148.000,123.429,110.250,115.839,182.294,89.143,nan,125.500,nan,
122.400,165.250,125.250,220.000,109.773,133.000,144.000,187.286,178.500,79.875,
