nan,0.400,0.328,0.304,0.273,0.354,0.329,0.317,0.281,nan,
0.312,0.353,0.319,0.364,0.304,0.406,0.318,0.361,0.324,0.344,
0.250,0.296,0.305,0.352,0.368,0.250,0.273,0.356,0.328,0.250,
0.344,0.361,0.299,0.326,0.358,0.259,0.323,0.266,0.357,0.367,
0.312,0.342,0.326,0.339,0.375,0.312,0.309,0.438,0.288,0.344,
0.297,0.319,0.340,0.250,0.337,0.438,0.304,0.359,0.359,0.312,
nan,0.286,nan,0.188,0.330,0.375,0.375,nan,nan,nan,
nan,0.292,nan,nan,0.312,nan,nan,nan,0.438,nan,
nan,0.312,nan,nan,0.406,0.188,nan,nan,0.364,nan,
0.375,0.319,0.312,0.188,0.562,0.479,0.250,0.355,0.312,nan,
