nan,0.254,0.350,0.319,0.325,0.385,0.438,0.188,0.250,nan,
nan,0.323,0.344,nan,0.375,0.312,0.422,0.406,0.338,0.312,
0.562,nan,0.375,0.273,nan,0.188,0.188,nan,0.250,nan,
0.335,0.338,0.188,0.322,0.365,0.375,0.365,nan,0.344,0.379,
0.385,0.346,0.338,0.391,0.219,0.232,0.312,0.314,0.319,0.375,
0.312,0.365,0.375,0.337,0.339,0.340,0.299,0.375,0.333,0.422,
0.250,0.359,0.375,0.327,0.352,0.289,0.328,0.319,0.334,0.349,
nan,nan,0.312,0.264,0.306,0.312,0.562,0.417,0.244,0.375,
nan,nan,0.321,0.367,0.367,0.345,0.420,0.438,0.229,nan,
nan,nan,0.277,0.312,0.316,0.319,0.304,0.304,0.312,nan,
