0.328,0.350,0.315,0.349,0.419,0.311,0.343,0.452,0.371,nan,
0.327,0.319,0.331,0.318,0.332,0.333,0.346,nan,nan,0.335,
0.306,0.302,0.323,0.294,0.290,0.380,0.315,0.226,0.319,0.334,
0.258,0.323,0.343,0.323,nan,0.323,nan,0.325,0.315,0.315,
0.331,0.324,0.330,0.376,0.419,0.258,0.328,0.324,0.339,0.452,
0.355,0.339,0.308,nan,nan,0.313,0.387,0.312,0.341,nan,
nan,0.355,nan,nan,nan,0.361,0.290,0.294,0.355,0.297,
nan,0.452,0.355,0.333,0.344,0.315,0.323,0.355,0.452,nan,
0.285,nan,0.346,0.352,0.339,0.362,nan,0.332,0.280,0.355,
0.387,0.282,0.323,0.283,0.301,0.349,nan,0.342,0.324,0.226,
