nan,0.325,0.346,0.325,0.305,0.329,0.410,0.311,0.303,0.309,
0.323,0.314,0.335,0.333,0.316,0.355,0.297,0.327,0.258,0.280,
0.369,0.314,0.349,0.319,0.355,0.226,0.371,0.360,nan,0.315,
0.342,0.330,0.330,0.335,0.484,0.339,0.376,nan,nan,0.323,
0.335,0.359,0.364,0.316,0.387,0.226,0.339,nan,nan,nan,
0.387,0.319,0.346,0.335,0.310,0.338,0.323,nan,0.332,nan,
nan,0.371,nan,0.344,0.323,0.293,0.350,0.290,0.344,0.306,
0.300,nan,nan,0.306,0.240,0.348,0.342,0.365,0.333,0.403,
nan,0.371,0.323,0.343,0.329,0.335,0.345,0.313,0.328,0.387,
0.323,0.332,0.297,0.317,0.298,0.341,0.395,0.375,0.359,0.323,
