0.333,0.422,0.304,0.361,0.351,0.625,0.281,0.250,nan,0.375,
0.500,0.338,0.304,0.344,0.366,nan,0.275,0.361,0.302,0.352,
0.393,0.359,0.338,0.375,0.438,0.340,0.208,0.438,0.354,0.295,
0.352,0.340,0.188,0.330,0.281,0.375,0.312,0.422,0.367,0.344,
0.323,0.264,0.312,0.365,0.391,0.346,0.294,0.341,0.325,0.312,
0.318,0.367,0.366,0.268,0.335,0.388,0.331,0.303,0.325,nan,
0.297,0.375,0.375,0.281,0.305,0.354,0.250,0.188,0.319,0.330,
nan,nan,0.250,0.346,0.500,0.250,nan,nan,0.325,nan,
nan,0.344,0.292,0.306,0.329,0.316,0.281,nan,0.250,nan,
0.333,nan,0.352,0.347,0.309,0.295,0.365,0.094,nan,0.458,
