nan,0.316,0.361,0.307,0.328,0.375,0.402,0.332,0.375,0.375,
0.344,0.338,0.337,0.312,0.250,nan,0.406,0.365,0.312,nan,
0.322,0.351,0.323,0.320,0.438,0.438,0.347,0.354,nan,0.402,
0.375,0.293,0.346,0.391,0.312,0.406,nan,0.375,nan,0.400,
0.352,0.344,0.332,0.344,0.250,0.312,nan,nan,nan,nan,
0.359,0.344,0.329,0.294,0.359,0.337,0.375,0.562,0.349,0.312,
0.344,0.346,0.000,0.345,0.326,0.312,0.300,0.500,0.384,0.352,
0.304,nan,0.312,0.340,0.275,0.458,0.332,0.333,0.344,0.273,
0.344,0.292,0.365,0.330,0.360,0.341,0.308,0.336,0.287,nan,
0.188,0.337,0.375,0.307,0.375,0.318,0.531,0.316,0.350,0.425,
