291.000,115.263,75.600,70.200,149.914,115.200,221.357,130.333,155.357,137.250,
229.000,122.308,57.000,295.500,57.429,106.111,195.000,129.522,117.167,78.400,
125.040,126.857,105.818,0.000,0.000,160.154,0.000,153.600,124.400,114.261,
151.250,148.457,92.786,126.316,226.714,98.000,210.273,204.000,126.000,0.000,
206.571,144.000,150.300,147.811,208.375,72.000,0.000,nan,nan,0.000,
nan,171.000,138.583,150.458,106.636,0.000,nan,nan,nan,nan,
nan,nan,0.000,207.000,0.000,nan,78.000,nan,nan,nan,
0.000,119.000,0.000,134.250,78.667,36.000,121.800,204.000,nan,nan,
nan,0.000,nan,0.000,181.714,0.000,116.000,73.091,166.500,nan,
nan,91.500,140.400,nan,36.000,81.000,86.250,117.429,142.059,0.000,
