0.417,0.334,0.388,0.351,0.355,0.331,0.375,nan,0.625,nan,
0.339,0.381,0.341,0.370,0.297,0.375,nan,nan,nan,0.203,
0.308,0.350,0.359,0.359,0.275,0.406,0.312,nan,0.094,0.327,
0.319,0.333,0.330,0.375,0.289,0.321,0.417,0.406,nan,0.332,
0.404,0.359,0.336,0.312,0.357,0.269,0.333,0.334,0.363,0.312,
0.406,0.319,0.344,0.333,0.362,0.371,0.307,0.324,0.312,nan,
nan,0.438,0.365,0.337,0.329,0.312,0.302,0.332,0.352,0.469,
nan,0.344,0.312,0.346,0.312,nan,0.420,0.317,0.312,nan,
nan,0.312,0.328,0.308,0.312,0.438,0.320,0.295,0.323,nan,
nan,0.358,0.323,0.330,0.310,0.340,0.354,0.312,0.341,nan,
