0.383,0.381,nan,0.417,0.267,0.354,0.375,0.304,0.305,0.375,
0.342,0.336,0.188,0.375,0.250,0.234,0.326,0.318,0.320,0.336,
0.359,0.389,0.188,0.400,0.344,0.316,0.156,0.375,0.375,0.330,
0.306,0.358,0.348,0.323,0.334,0.338,0.349,0.203,0.312,0.347,
0.352,0.344,0.346,0.338,0.307,0.344,0.312,nan,nan,0.375,
0.300,0.312,0.330,0.326,0.375,0.333,nan,nan,nan,nan,
0.250,0.312,0.344,0.219,0.250,0.250,0.219,0.250,nan,nan,
0.375,0.242,nan,0.625,nan,nan,nan,nan,nan,nan,
nan,0.312,nan,0.250,0.336,0.312,nan,0.234,0.281,nan,
nan,0.338,0.458,nan,0.500,nan,0.271,0.312,0.396,0.292,
