0.323,0.371,0.258,0.342,0.318,0.353,0.284,0.338,0.306,0.355,
0.313,0.371,0.352,0.333,0.318,0.339,0.276,0.362,0.226,nan,
0.314,0.310,0.315,0.376,0.330,0.315,0.355,0.323,nan,0.342,
0.347,0.452,0.349,0.347,0.285,0.326,0.280,0.323,nan,0.419,
0.331,0.210,0.341,0.368,nan,0.323,nan,nan,nan,0.371,
0.413,0.309,0.301,0.339,0.305,0.298,0.432,nan,0.306,nan,
0.325,0.363,0.310,0.348,0.324,0.439,0.371,0.316,0.367,0.297,
0.349,0.336,nan,0.265,0.323,0.356,0.337,0.301,0.335,0.330,
nan,0.419,0.355,0.335,0.328,0.342,0.339,0.347,0.325,0.258,
0.161,0.327,0.274,0.280,0.355,0.317,0.290,0.330,0.306,nan,
