0.438,0.362,0.344,0.312,0.365,0.292,0.312,0.349,0.375,0.354,
0.375,0.271,0.344,0.288,nan,nan,0.354,0.340,0.324,0.271,
0.388,0.312,0.350,0.341,0.438,nan,0.203,0.271,0.438,0.312,
0.341,0.278,0.356,0.359,nan,nan,0.323,nan,0.188,0.330,
0.328,0.324,0.312,0.362,nan,nan,0.250,0.250,nan,0.312,
0.375,0.263,0.334,0.263,0.312,0.308,0.312,0.338,0.312,0.281,
0.365,0.425,0.268,0.237,0.385,0.354,0.362,0.438,nan,0.344,
0.188,0.250,0.312,0.281,0.350,0.365,0.350,nan,0.438,0.293,
nan,0.312,0.263,0.330,0.352,0.384,0.340,0.344,0.316,0.406,
nan,0.359,0.344,0.347,0.341,0.325,0.362,0.368,0.286,0.328,
