0.312,0.357,0.362,0.312,0.353,0.352,0.330,0.326,0.340,0.285,
0.331,0.352,0.316,0.286,0.304,0.328,0.292,0.301,0.335,0.338,
0.250,0.353,nan,0.369,0.358,0.305,0.375,nan,0.719,nan,
0.287,0.310,0.412,0.412,0.329,0.125,0.385,0.188,nan,nan,
0.406,0.250,0.406,0.354,0.312,0.292,0.125,0.292,nan,0.375,
0.348,0.250,nan,0.304,0.306,0.312,0.309,0.295,0.281,0.237,
0.339,0.375,0.562,0.250,0.317,nan,nan,0.250,0.266,nan,
0.312,0.188,0.339,0.438,0.323,0.500,nan,nan,0.500,nan,
0.336,0.319,0.484,0.312,0.346,0.346,0.625,0.281,0.355,0.312,
0.318,0.333,0.388,0.359,0.375,0.348,0.284,0.356,0.338,0.328,
