0.293,0.363,0.348,0.306,0.326,0.314,0.371,0.371,0.373,0.387,
0.306,0.290,0.310,0.329,0.351,0.320,0.297,0.361,0.346,0.403,
nan,0.350,0.392,0.335,0.325,0.331,0.315,0.306,nan,0.323,
0.347,0.325,0.337,0.323,0.332,0.320,0.330,0.323,0.323,0.452,
nan,0.323,0.343,0.355,0.395,0.323,0.271,0.315,0.324,0.355,
0.323,0.355,0.332,nan,0.316,0.419,0.346,0.340,0.346,0.312,
0.419,nan,0.323,nan,0.306,0.339,0.301,nan,0.387,nan,
0.327,0.435,0.301,0.290,nan,0.435,nan,nan,0.452,nan,
0.323,0.344,0.316,0.337,0.319,0.344,0.290,0.355,0.320,0.435,
0.355,0.316,0.332,0.323,0.344,0.345,0.279,0.331,0.339,0.301,
