0.318,0.330,0.345,0.346,0.325,0.344,0.349,0.344,0.334,0.331,
0.271,0.375,0.375,0.354,0.328,0.333,0.362,0.350,0.306,0.383,
0.388,nan,0.312,0.335,0.346,0.344,0.188,0.401,0.349,0.188,
0.385,0.245,0.391,0.333,0.342,0.396,nan,nan,0.438,nan,
0.469,0.367,0.333,0.326,0.281,0.292,0.275,0.344,0.188,nan,
0.353,0.375,0.125,0.348,0.330,0.359,0.360,0.299,0.325,0.300,
0.375,0.250,0.000,0.338,0.347,0.292,0.281,nan,nan,nan,
0.312,0.359,0.375,0.438,0.347,0.348,nan,nan,0.366,nan,
0.319,0.318,0.322,0.469,0.188,0.344,nan,0.263,0.355,0.369,
0.458,0.287,0.354,0.297,0.349,nan,0.156,0.268,0.312,0.266,
