81.115,179.812,122.842,142.385,156.273,135.600,nan,nan,nan,93.000,
191.250,148.941,93.955,140.786,32.000,189.846,38.000,nan,0.000,167.250,
62.250,238.500,204.000,nan,154.500,0.000,nan,65.000,138.000,143.806,
131.000,114.600,172.500,198.000,nan,138.500,0.000,257.000,nan,210.000,
138.000,153.220,171.931,nan,27.000,51.000,200.786,141.172,135.261,154.600,
0.000,180.000,115.333,3.000,157.846,244.125,96.000,115.200,201.900,0.000,
0.000,168.500,0.000,30.000,119.182,256.200,0.000,102.500,218.842,nan,
nan,nan,nan,144.000,0.000,174.000,225.000,126.316,0.000,nan,
nan,177.429,111.600,91.865,158.647,181.000,92.000,156.429,0.000,nan,
238.000,94.000,99.720,117.600,141.000,209.250,186.000,140.000,156.667,186.000,
