0.290,0.298,0.343,0.330,0.339,0.290,0.323,0.258,0.290,0.194,
0.290,0.325,0.345,0.323,0.290,0.323,0.331,0.286,0.333,0.355,
0.355,0.242,0.323,0.298,0.331,0.303,0.354,0.342,0.326,0.323,
0.341,0.341,0.308,0.355,0.345,0.304,0.284,0.352,0.336,0.387,
0.317,0.343,0.313,0.288,0.341,0.306,0.313,0.328,0.378,0.387,
0.387,0.308,0.346,0.363,0.347,0.347,0.355,0.335,0.356,0.323,
0.280,0.323,0.290,0.290,0.312,nan,nan,0.516,0.331,nan,
nan,0.452,nan,0.323,0.306,0.371,nan,nan,nan,nan,
0.452,nan,0.452,0.335,0.334,0.355,nan,0.323,nan,nan,
0.337,0.276,0.329,0.342,0.334,nan,0.281,0.348,0.323,0.333,
