0.312,0.281,nan,0.312,0.357,0.469,0.316,0.292,0.393,0.354,
0.300,0.333,nan,nan,nan,nan,nan,nan,0.325,0.344,
0.333,0.245,0.344,0.344,0.312,0.375,nan,0.336,0.331,0.366,
0.292,0.167,0.250,0.318,0.327,0.250,0.208,0.307,0.341,0.345,
0.340,0.312,0.391,0.458,0.281,0.375,0.312,0.333,0.425,0.354,
0.326,0.438,0.385,0.438,0.375,0.286,nan,0.398,0.422,0.310,
0.312,0.324,0.338,0.281,nan,0.312,nan,0.438,nan,0.438,
0.250,0.562,0.375,0.500,nan,0.328,0.312,nan,nan,nan,
0.322,nan,0.312,0.188,0.237,0.325,0.318,0.438,0.236,nan,
0.324,nan,0.375,0.297,0.338,0.349,0.357,0.326,0.339,0.308,
