0.286,0.438,0.469,nan,nan,nan,0.375,0.361,0.384,0.354,
0.211,0.236,0.281,0.354,nan,0.500,0.531,0.316,0.327,0.304,
0.326,0.365,0.344,0.341,0.375,0.329,0.297,0.308,0.321,0.340,
0.330,0.358,0.357,0.323,0.271,0.320,0.292,0.344,0.350,0.362,
0.358,0.350,nan,0.375,0.337,0.357,0.375,0.340,0.338,0.314,
0.219,0.312,nan,nan,0.354,0.322,0.625,0.266,0.332,0.312,
0.312,nan,nan,nan,nan,0.354,0.438,0.500,0.304,0.375,
nan,nan,nan,nan,nan,0.295,0.304,0.369,0.322,0.297,
nan,nan,nan,nan,nan,0.188,0.297,0.398,0.383,0.208,
0.312,nan,nan,nan,nan,nan,0.281,0.255,0.312,0.266,
