0.500,nan,nan,0.292,0.375,0.306,0.312,0.317,0.340,0.438,
0.125,nan,0.312,nan,0.333,0.353,0.450,0.324,0.280,nan,
0.339,0.396,0.330,0.427,0.308,0.316,0.388,0.434,0.333,0.359,
0.336,0.438,0.312,0.333,0.375,0.350,0.359,0.312,0.379,0.312,
0.356,0.438,0.281,0.346,0.469,nan,0.250,0.292,0.375,0.316,
0.438,0.258,0.348,0.125,0.438,0.396,0.208,0.371,0.359,0.325,
0.438,0.375,0.375,nan,0.250,0.340,0.300,0.298,0.335,0.329,
0.299,0.344,nan,nan,0.287,0.391,0.300,0.310,0.275,0.349,
0.307,0.219,0.354,0.312,0.355,0.344,0.317,0.306,0.309,0.271,
0.306,0.338,0.188,0.375,0.300,0.324,0.346,0.352,0.342,0.366,
