0.301,0.387,nan,nan,nan,nan,nan,0.310,0.352,0.356,
0.252,0.339,0.303,0.387,nan,nan,0.371,0.347,0.363,0.365,
0.319,0.391,0.290,0.355,nan,0.320,0.340,0.340,0.321,0.322,
0.366,0.324,0.335,0.311,0.258,0.399,0.377,0.385,0.373,0.358,
0.350,0.290,0.290,0.355,0.342,0.350,0.348,0.300,0.343,0.358,
0.346,0.387,nan,nan,0.304,0.327,0.484,0.355,0.338,0.340,
nan,nan,nan,nan,nan,0.366,0.452,0.419,0.365,0.323,
nan,nan,nan,nan,0.452,0.355,0.338,0.355,0.362,0.328,
nan,nan,nan,nan,nan,0.355,0.400,0.419,0.353,nan,
nan,nan,nan,nan,nan,nan,0.359,0.325,0.371,0.355,
