207.375,140.571,0.000,212.625,121.636,114.692,121.895,130.091,154.895,101.625,
0.000,170.100,162.500,276.000,142.667,82.969,167.842,248.143,0.000,94.000,
170.625,131.160,56.571,60.000,196.636,229.800,112.235,63.000,104.143,128.793,
91.800,132.621,0.000,40.286,155.000,157.364,125.667,145.179,120.577,137.294,
288.000,0.000,nan,nan,0.000,0.000,130.235,112.950,94.800,102.000,
0.000,188.000,nan,nan,nan,nan,252.000,0.000,157.500,200.182,
160.333,0.000,nan,nan,nan,nan,nan,nan,0.000,77.250,
143.556,106.286,nan,0.000,70.800,nan,0.000,0.000,0.000,213.818,
175.929,115.667,0.000,124.200,3.429,67.636,100.000,79.750,148.500,96.000,
135.429,197.667,130.000,158.192,298.800,146.062,148.750,93.720,188.520,144.290,
