0.375,0.281,nan,nan,0.312,0.450,0.367,0.385,0.347,0.297,
0.263,0.219,nan,0.438,0.344,nan,0.338,0.375,0.328,0.375,
0.352,0.344,0.367,0.234,0.260,0.367,0.250,0.372,0.339,0.312,
0.312,0.281,0.250,0.287,0.333,0.356,0.344,0.333,0.316,0.301,
0.303,0.362,0.391,0.375,0.333,0.394,0.269,0.362,0.375,0.281,
0.332,0.219,nan,nan,0.312,0.297,0.250,0.375,nan,0.324,
0.281,0.333,0.356,0.500,nan,0.281,nan,nan,nan,0.500,
0.344,0.312,0.312,nan,0.375,0.286,0.250,nan,nan,nan,
0.341,0.335,0.438,0.250,0.312,0.322,0.353,0.250,0.328,0.330,
0.307,0.438,nan,0.260,0.325,0.323,0.341,0.372,0.345,0.286,
