nan,nan,nan,nan,0.375,0.375,0.402,0.320,nan,nan,
nan,nan,0.375,nan,0.312,0.359,0.391,0.354,0.292,0.350,
0.336,0.312,0.297,0.312,0.332,0.340,0.302,0.277,0.344,0.386,
0.287,0.422,0.281,0.332,0.344,0.339,0.406,0.219,0.383,0.343,
0.356,0.332,0.278,0.250,0.375,0.396,nan,0.188,0.344,0.359,
0.375,0.385,0.229,nan,0.325,0.312,0.312,0.323,0.354,0.292,
0.266,0.312,nan,nan,nan,0.292,0.188,0.348,0.345,0.348,
0.352,nan,nan,nan,0.375,0.335,0.312,0.318,0.338,0.328,
0.281,0.250,nan,0.302,0.324,0.273,0.366,0.327,0.308,0.287,
0.383,0.438,nan,0.266,0.334,0.319,0.297,0.293,0.188,nan,
