0.125,0.357,nan,0.312,0.281,0.328,0.500,0.366,0.358,0.312,
0.397,0.375,0.312,0.438,nan,0.375,0.354,0.383,0.384,0.353,
0.338,0.312,nan,0.312,0.398,0.312,0.359,0.625,0.321,0.287,
0.338,0.250,0.312,0.319,0.188,0.375,0.156,0.409,0.371,0.372,
0.341,0.403,0.250,0.338,0.359,0.250,nan,0.336,0.345,0.359,
0.333,0.409,0.281,0.320,0.229,0.312,0.384,0.188,0.328,0.275,
0.330,0.412,0.292,0.348,0.375,0.338,0.293,0.326,0.308,0.339,
0.375,0.362,0.325,0.438,0.340,0.351,nan,0.320,0.352,0.343,
0.307,nan,0.312,0.219,0.353,0.325,0.312,0.312,0.312,0.345,
0.361,nan,nan,0.229,0.345,0.250,0.312,0.292,0.438,0.278,
