0.348,0.387,0.355,0.348,0.329,0.332,0.326,0.364,0.334,0.317,
0.339,nan,0.258,0.343,0.329,0.319,0.381,0.313,0.345,0.335,
0.366,nan,0.269,0.318,0.320,0.333,0.290,0.290,0.314,0.323,
0.355,0.452,0.290,0.295,0.349,0.315,0.331,0.330,0.349,0.403,
0.299,0.194,0.390,0.302,0.347,0.317,0.272,0.274,nan,nan,
0.333,0.338,nan,0.508,nan,0.338,0.374,0.324,0.319,0.258,
0.398,nan,0.355,nan,0.290,0.294,0.350,0.339,nan,nan,
0.339,0.258,0.339,nan,0.371,0.366,nan,nan,0.258,nan,
nan,0.336,0.355,0.290,0.335,0.290,0.274,0.346,0.323,0.344,
0.318,nan,0.355,0.465,0.297,0.339,0.355,0.337,0.317,0.364,
