0.000,nan,nan,nan,nan,153.000,216.750,147.000,92.000,78.000,
nan,nan,nan,nan,0.000,139.875,117.000,255.000,134.538,59.769,
53.400,130.800,146.000,0.000,nan,105.556,70.500,189.600,137.204,140.340,
143.357,105.000,174.429,128.571,0.000,272.000,nan,102.750,153.545,146.426,
nan,nan,155.455,219.429,220.800,66.000,nan,nan,206.000,180.833,
287.000,nan,nan,0.000,0.000,52.500,0.000,103.200,nan,146.143,
70.000,nan,nan,nan,139.500,118.615,110.640,110.400,98.471,160.043,
143.000,nan,nan,nan,12.000,149.667,102.429,144.273,108.527,157.700,
78.750,117.000,0.000,0.000,177.450,56.750,59.200,123.632,115.154,127.857,
84.214,0.000,nan,nan,58.500,172.909,124.500,148.579,152.654,140.400,
