0.438,nan,nan,0.500,0.330,0.344,0.333,0.383,0.219,nan,
nan,nan,nan,nan,0.469,0.364,0.323,0.364,0.340,0.438,
0.263,0.281,0.396,0.350,0.336,0.330,0.323,0.318,0.370,0.362,
0.298,0.275,nan,0.306,0.366,0.396,0.438,0.240,0.298,0.363,
0.312,0.338,0.295,0.312,0.348,0.312,nan,0.250,0.335,0.327,
0.354,0.317,0.391,0.312,0.312,nan,0.312,0.375,0.300,0.281,
nan,0.344,nan,nan,0.312,0.312,0.500,0.346,0.368,0.357,
0.394,0.250,nan,0.219,0.198,0.279,0.348,0.302,0.326,0.312,
0.333,0.312,nan,0.318,0.323,0.263,0.312,0.350,0.331,0.417,
0.367,0.312,nan,0.362,0.354,0.368,0.335,0.354,0.375,nan,
