nan,0.438,0.370,0.375,0.219,0.312,0.241,0.316,0.368,0.312,
0.250,0.287,0.255,0.297,0.250,0.344,0.375,0.315,0.375,0.402,
nan,0.320,0.229,0.188,0.312,0.337,0.300,0.310,0.469,0.287,
0.362,0.312,0.438,0.469,nan,0.292,0.286,0.344,0.369,0.312,
0.311,0.322,0.333,0.332,0.312,0.438,0.438,0.316,0.317,0.323,
0.340,0.324,0.353,0.335,0.375,nan,0.212,0.358,0.225,0.188,
0.332,0.345,0.344,0.368,nan,0.312,0.307,0.370,0.367,0.312,
0.312,0.312,0.351,0.312,0.188,0.292,nan,0.269,0.315,0.365,
0.188,0.312,0.312,0.312,0.339,0.500,0.312,0.342,0.394,0.345,
nan,nan,0.500,nan,0.298,0.350,0.344,0.312,0.305,0.458,
