0.303,0.438,nan,nan,nan,0.292,0.289,0.312,0.354,0.385,
0.338,nan,0.250,nan,nan,0.300,0.391,0.352,0.311,0.316,
0.438,0.312,0.250,nan,0.344,0.353,0.375,0.237,0.341,0.329,
0.297,nan,0.346,0.359,0.271,0.375,nan,nan,0.342,0.358,
0.062,nan,0.371,0.292,0.348,0.359,nan,0.312,0.333,0.346,
nan,nan,0.375,0.312,0.259,0.330,0.375,0.350,0.390,0.516,
nan,nan,nan,nan,0.323,0.330,0.326,0.337,0.339,0.250,
0.367,nan,nan,0.312,0.344,0.406,0.308,0.324,0.304,0.333,
0.350,0.375,0.406,nan,0.295,0.322,0.316,0.370,0.304,0.267,
0.438,0.312,nan,nan,nan,0.318,0.344,0.323,0.250,0.250,
