nan,nan,nan,0.403,0.355,0.333,0.355,0.338,0.341,0.306,
nan,nan,0.348,0.258,0.323,0.452,0.419,0.345,0.324,0.297,
0.350,nan,0.338,0.327,0.332,0.303,0.284,0.343,0.329,0.304,
0.347,0.355,nan,0.419,0.350,0.344,0.419,0.274,0.348,0.345,
0.339,0.306,0.323,0.313,0.290,0.419,nan,nan,0.351,0.315,
0.457,0.332,0.354,0.316,0.290,0.387,0.484,0.376,0.355,0.330,
0.342,0.323,0.516,nan,nan,0.516,0.394,0.360,0.298,0.337,
0.344,0.340,0.452,0.323,0.371,0.333,0.323,0.316,0.323,0.376,
0.306,0.323,0.312,0.258,nan,0.332,0.311,0.350,0.343,0.303,
0.323,nan,nan,0.355,0.333,0.343,0.325,0.323,0.314,nan,
