0.312,0.307,0.391,0.328,0.363,0.349,0.330,0.326,0.362,0.281,
0.361,0.309,0.400,0.412,0.309,0.341,0.318,0.375,0.375,0.264,
0.275,0.344,0.281,0.250,0.275,0.339,0.330,0.315,0.334,0.370,
0.388,0.271,0.332,0.469,nan,0.229,0.278,0.360,0.308,0.330,
nan,0.250,0.312,nan,nan,0.333,0.346,0.375,0.346,0.297,
0.323,nan,nan,nan,nan,0.250,0.361,0.354,0.396,0.334,
0.214,0.438,nan,nan,nan,nan,0.531,nan,nan,0.312,
0.226,0.277,0.438,0.375,0.469,0.357,nan,nan,0.375,0.562,
nan,0.344,0.281,0.396,0.362,0.350,0.227,nan,0.344,0.271,
0.348,0.266,0.304,0.309,0.356,0.302,0.325,0.350,0.357,0.343,
