0.269,0.361,nan,nan,0.203,0.293,0.381,0.339,0.354,0.338,
0.292,0.250,nan,0.350,0.375,0.391,0.312,0.315,0.333,0.346,
0.375,0.375,nan,0.302,0.369,0.438,0.312,0.348,0.359,0.288,
0.354,0.188,0.335,0.340,0.306,0.303,0.312,0.299,0.323,0.250,
0.318,0.304,0.263,0.375,0.299,0.333,0.264,0.438,0.297,0.335,
0.339,0.323,0.323,0.281,0.438,0.375,0.384,0.339,0.359,0.340,
0.335,0.312,nan,nan,nan,0.219,nan,nan,0.271,0.396,
0.307,0.318,0.354,0.438,0.312,0.316,0.188,0.188,0.319,0.326,
0.391,0.302,nan,nan,0.333,0.316,0.260,0.288,0.325,0.438,
0.302,0.299,0.250,nan,0.274,0.325,0.188,0.388,0.312,0.320,
