0.312,0.365,0.344,0.289,0.340,0.299,0.347,0.331,0.375,0.500,
0.344,0.337,0.312,0.438,0.375,0.438,0.250,0.335,0.351,0.375,
0.250,nan,nan,0.219,0.350,0.333,0.375,0.402,0.362,0.331,
0.188,0.312,0.354,0.312,0.342,0.311,0.307,0.381,0.298,0.391,
0.308,0.354,nan,0.354,0.351,0.335,0.205,0.312,0.312,0.385,
0.281,0.259,nan,0.359,0.325,0.359,0.354,nan,0.348,0.271,
0.375,0.250,0.312,0.458,0.438,nan,nan,nan,0.438,0.417,
0.327,0.328,0.353,0.288,0.375,0.281,nan,nan,nan,0.333,
0.344,0.330,0.425,0.312,0.354,0.301,0.438,nan,0.188,nan,
0.332,0.417,0.125,0.438,0.293,0.357,0.348,0.384,0.438,0.300,
