0.323,0.297,0.312,0.292,nan,0.338,0.337,0.331,0.402,0.188,
0.297,0.312,nan,0.292,nan,0.354,0.365,0.326,0.350,nan,
nan,nan,nan,0.344,0.347,0.385,0.312,0.299,0.332,0.339,
0.469,0.300,0.406,0.275,0.329,0.362,0.353,0.334,0.371,0.271,
0.321,0.301,nan,0.350,0.295,0.397,0.406,0.500,0.328,0.396,
0.392,0.330,nan,nan,0.344,0.344,0.278,0.312,0.381,0.422,
0.352,0.391,0.344,nan,nan,nan,nan,nan,0.412,0.263,
0.341,0.352,0.310,0.391,nan,0.237,0.438,nan,0.375,0.324,
0.312,0.308,0.328,nan,0.271,0.347,0.357,0.234,0.438,nan,
0.358,0.385,nan,0.312,0.312,0.341,0.307,0.358,0.312,nan,
