0.125,0.318,0.125,0.375,0.344,0.292,0.375,0.345,0.296,0.298,
0.306,0.396,0.333,0.354,0.375,0.354,0.375,0.349,0.312,0.366,
0.250,0.370,0.406,0.375,0.281,0.320,0.375,0.328,0.350,0.318,
0.365,0.287,nan,0.402,0.312,0.225,0.281,0.353,0.277,0.324,
0.369,0.392,0.375,0.318,0.375,0.338,0.344,0.345,0.379,0.312,
0.389,0.295,0.281,0.250,0.354,nan,0.385,0.234,0.312,nan,
0.325,0.366,0.296,0.385,0.188,0.393,0.333,0.347,0.312,0.312,
0.375,0.312,0.342,0.250,0.250,0.346,0.223,0.307,0.318,0.393,
0.312,0.396,0.312,0.344,0.339,0.219,0.281,0.305,0.329,0.344,
0.250,0.438,nan,0.438,0.326,0.319,0.328,0.312,0.304,0.335,
