0.350,0.562,nan,0.250,0.312,0.327,0.324,0.352,0.359,0.325,
0.348,0.250,nan,0.312,0.312,0.361,0.330,0.380,0.286,0.335,
0.354,0.188,nan,0.267,0.354,0.438,0.312,0.333,0.312,0.278,
0.366,0.438,0.344,0.320,0.422,0.396,0.323,0.293,0.312,0.375,
0.289,0.562,0.287,0.353,0.375,0.332,0.386,0.562,0.250,0.375,
0.344,0.375,0.375,0.362,nan,0.229,0.438,0.396,0.324,0.367,
0.324,0.271,0.469,0.500,0.250,0.375,0.281,nan,0.312,0.312,
0.291,0.325,0.327,nan,0.281,0.312,nan,nan,0.384,0.328,
0.325,0.375,0.250,nan,0.328,0.355,0.312,0.292,0.438,0.375,
0.281,0.301,0.312,0.312,0.317,0.315,0.354,0.322,0.281,nan,
