0.312,0.290,0.438,0.312,0.250,0.354,0.312,0.378,0.315,0.272,
0.354,0.333,0.318,0.354,0.250,0.271,0.500,0.341,0.326,0.319,
0.375,0.341,0.297,0.375,0.312,0.367,0.333,0.367,0.312,0.290,
0.411,0.287,nan,0.286,0.500,0.325,0.333,0.377,0.406,0.336,
0.321,0.307,0.438,0.396,0.312,0.294,0.438,0.401,0.310,0.319,
0.375,0.321,0.273,0.294,0.312,nan,0.365,0.312,0.312,nan,
0.334,0.411,0.346,0.312,0.438,0.366,0.310,0.347,0.379,0.391,
0.297,0.125,0.352,0.125,0.292,0.310,0.312,0.312,0.346,0.354,
0.312,0.417,0.250,0.219,0.302,0.344,0.281,0.367,0.319,0.299,
0.219,0.500,nan,0.312,0.348,0.368,0.406,0.312,0.375,0.331,
