0.332,0.323,nan,0.339,0.346,0.387,0.290,0.258,0.366,0.258,
0.371,0.419,nan,nan,0.339,0.226,0.387,0.363,0.325,0.355,
0.333,0.312,0.306,0.331,0.314,0.337,0.387,0.348,0.342,0.338,
0.355,0.366,0.226,0.323,0.306,0.283,0.274,0.323,0.336,0.363,
0.365,0.306,0.369,0.333,0.339,0.297,0.301,0.301,0.306,0.318,
0.351,0.346,0.346,0.355,nan,0.348,nan,0.387,0.321,0.371,
0.355,0.315,0.341,nan,nan,nan,nan,nan,0.323,0.339,
nan,0.323,0.290,0.301,nan,0.323,nan,nan,0.323,0.323,
0.401,0.323,0.355,0.349,0.371,0.328,0.366,0.355,0.321,nan,
0.304,0.419,0.355,0.290,0.323,0.321,0.337,0.298,0.347,0.242,
