0.352,0.312,nan,nan,nan,nan,0.344,0.295,0.323,0.400,
0.332,0.250,0.306,nan,nan,0.406,0.330,0.375,0.318,0.325,
0.263,0.306,0.243,0.353,nan,0.333,0.286,0.305,0.343,0.375,
0.344,0.312,0.500,0.500,nan,0.345,0.336,0.327,0.348,0.375,
0.350,nan,nan,nan,nan,0.328,0.383,0.339,0.332,0.323,
0.354,nan,nan,nan,nan,nan,0.531,0.369,0.318,0.333,
nan,nan,nan,nan,nan,nan,nan,nan,0.250,0.375,
nan,nan,nan,nan,nan,0.250,0.260,0.351,0.250,0.312,
0.312,nan,nan,nan,nan,0.297,0.297,0.365,0.325,0.325,
0.250,0.406,nan,nan,nan,0.338,0.219,0.332,0.359,0.346,
