0.355,0.306,0.323,0.319,0.294,0.308,0.355,0.352,0.323,0.371,
0.320,0.339,0.355,0.337,0.350,0.328,0.350,0.368,0.258,0.319,
0.276,0.340,0.394,0.328,0.347,0.332,0.339,0.321,0.342,0.300,
0.305,0.302,0.347,0.327,0.226,nan,0.311,0.341,0.327,0.363,
0.355,0.161,0.306,nan,nan,0.335,0.319,0.288,0.333,0.258,
0.355,0.306,nan,nan,nan,0.290,nan,nan,0.348,0.371,
0.310,0.323,0.516,nan,nan,0.355,nan,nan,0.355,nan,
0.301,0.331,nan,0.323,0.258,nan,nan,nan,nan,nan,
0.226,0.376,0.315,0.452,0.343,0.323,0.326,0.282,0.370,0.304,
0.323,nan,0.345,0.323,0.359,0.324,0.327,0.295,0.317,0.340,
