0.359,nan,0.312,nan,nan,0.330,0.625,0.359,0.320,0.324,
0.326,0.229,0.348,0.438,nan,nan,nan,0.375,0.312,0.331,
0.333,0.330,nan,0.354,0.325,0.438,nan,0.344,nan,0.318,
0.335,0.312,0.344,0.326,0.375,0.240,0.292,0.294,0.323,0.350,
0.327,0.357,0.344,0.375,0.350,nan,0.500,0.350,0.335,0.333,
0.320,0.262,0.297,0.338,0.375,0.562,0.344,0.375,0.359,0.396,
0.346,0.359,0.330,0.469,nan,0.342,0.406,0.387,0.383,0.355,
0.297,0.229,0.331,0.281,0.389,0.346,0.275,0.264,0.332,0.332,
0.271,nan,0.438,0.250,0.333,0.297,nan,0.287,0.348,0.358,
0.350,0.281,nan,nan,0.362,nan,nan,0.359,0.425,0.317,
