nan,nan,nan,0.156,0.375,0.333,0.375,0.298,0.339,0.281,
nan,nan,0.350,0.438,0.335,0.188,0.287,0.315,0.305,0.312,
0.321,nan,0.357,0.312,0.335,0.361,0.362,0.342,0.375,0.339,
0.320,0.469,nan,0.250,0.322,0.333,0.312,0.375,0.306,0.312,
0.346,0.344,0.325,0.339,0.688,0.312,nan,nan,0.326,0.362,
0.240,0.355,0.351,0.312,0.375,0.281,0.062,0.396,0.344,0.382,
0.298,0.396,0.250,nan,nan,0.188,0.325,0.293,0.348,0.332,
0.356,0.318,0.312,0.312,0.344,0.318,0.312,0.347,0.372,0.344,
0.400,0.406,0.333,0.375,nan,0.312,0.350,0.331,0.314,0.388,
0.309,nan,nan,0.344,0.354,0.338,0.340,0.373,0.378,nan,
