0.412,nan,0.438,nan,nan,nan,nan,0.333,0.375,0.372,
0.356,0.359,0.330,0.312,nan,nan,0.438,0.281,0.343,0.359,
0.332,0.299,0.425,0.347,0.438,0.317,0.329,0.329,0.358,0.332,
0.271,0.310,0.250,0.301,0.259,0.375,0.375,0.296,0.315,0.319,
0.375,0.325,0.281,0.396,0.263,0.333,0.375,0.324,0.310,0.304,
0.383,0.250,nan,nan,0.312,0.268,nan,0.250,0.307,0.289,
0.438,nan,nan,nan,nan,0.271,0.375,nan,0.388,0.275,
nan,nan,nan,nan,nan,0.425,0.342,0.320,0.345,0.420,
nan,nan,nan,nan,nan,0.312,0.379,0.292,0.327,0.359,
0.328,0.188,nan,nan,nan,0.356,0.362,0.297,0.292,0.394,
