0.500,0.375,nan,0.312,0.396,0.370,0.335,0.344,0.357,nan,
0.325,0.229,0.438,0.312,0.391,nan,0.219,0.338,0.380,0.388,
0.348,0.337,0.295,0.312,nan,0.284,0.391,0.298,0.351,0.341,
0.344,0.344,nan,0.382,0.375,0.354,0.307,0.348,0.345,0.301,
0.333,0.264,0.463,0.312,0.287,0.349,0.232,0.333,0.362,0.342,
0.351,0.375,0.375,nan,0.250,0.406,nan,nan,nan,0.234,
0.394,0.287,0.321,nan,nan,nan,nan,nan,0.438,0.330,
0.344,0.531,0.333,nan,0.344,0.333,nan,nan,0.312,nan,
0.356,0.294,0.188,0.375,0.330,0.334,0.321,0.281,0.332,0.300,
0.308,0.250,nan,0.321,0.275,0.308,0.337,0.331,0.332,0.362,
