114.600,nan,nan,nan,nan,202.500,118.800,152.000,166.500,248.333,
114.000,nan,72.000,130.800,nan,121.800,191.250,157.200,147.900,148.425,
0.000,72.857,170.143,75.000,nan,141.000,nan,0.000,114.360,130.071,
216.000,188.250,162.682,117.750,0.000,157.500,nan,nan,71.864,150.896,
nan,nan,0.000,nan,259.500,138.000,nan,51.000,139.239,105.818,
nan,nan,nan,109.000,116.800,0.000,103.286,120.000,116.684,128.400,
nan,nan,nan,0.000,146.400,137.793,132.750,132.808,135.810,123.286,
63.000,nan,nan,nan,0.000,94.600,180.387,162.889,133.154,184.500,
158.500,nan,nan,nan,0.000,126.562,116.400,133.385,94.227,39.000,
0.000,0.000,nan,nan,nan,184.800,0.000,121.966,108.143,0.000,
