0.391,nan,nan,nan,nan,nan,0.271,0.345,0.311,0.310,
0.344,nan,0.281,0.338,nan,nan,0.327,0.293,0.330,0.332,
0.325,nan,nan,0.422,0.312,0.500,0.312,0.304,0.343,0.348,
0.359,0.438,0.375,0.372,0.342,0.203,0.375,0.250,0.328,0.357,
0.410,nan,0.312,0.208,0.319,0.469,nan,0.208,0.375,0.341,
nan,nan,nan,nan,nan,0.328,0.375,0.324,0.350,0.319,
0.250,nan,nan,nan,0.356,0.312,0.361,0.379,0.298,0.317,
0.324,nan,nan,nan,0.312,0.297,0.330,0.329,0.304,0.339,
0.354,nan,nan,nan,nan,0.281,0.330,0.338,0.331,0.351,
0.188,nan,nan,nan,nan,0.312,0.271,0.271,0.400,0.317,
