0.370,0.330,0.379,0.323,nan,nan,0.362,0.266,0.324,0.366,
0.310,0.312,0.319,0.360,nan,0.344,0.302,0.340,0.398,0.308,
0.290,0.323,0.355,0.374,0.419,0.300,0.308,0.356,0.336,0.358,
0.315,0.331,0.419,nan,nan,0.341,0.336,0.338,0.343,0.318,
0.390,0.215,nan,nan,nan,0.452,0.373,0.313,0.327,0.335,
0.296,nan,nan,nan,nan,nan,0.290,0.285,0.341,0.347,
nan,nan,nan,nan,nan,nan,0.355,0.355,0.258,nan,
nan,0.398,0.194,nan,nan,nan,0.347,0.387,0.337,0.290,
0.452,0.194,nan,nan,0.355,0.484,0.387,0.319,0.312,0.309,
0.290,0.387,nan,nan,0.323,0.327,0.310,0.295,0.325,0.333,
