0.375,nan,nan,0.312,0.362,0.319,0.375,0.365,0.375,0.375,
0.438,nan,0.375,nan,0.292,0.272,0.250,0.341,0.372,nan,
0.342,0.271,0.345,0.281,0.339,0.334,0.312,0.301,0.271,0.406,
0.383,0.229,0.417,0.271,0.347,0.338,0.328,0.312,0.277,0.353,
0.381,0.188,0.344,0.394,0.266,nan,0.312,0.375,0.309,0.365,
0.312,0.414,0.250,0.312,0.250,0.312,0.312,0.353,0.344,0.287,
0.375,0.125,0.438,nan,0.375,0.273,0.375,0.317,0.327,0.331,
0.388,0.385,nan,nan,0.312,0.266,0.412,0.348,0.362,0.322,
0.392,0.375,0.417,0.339,0.316,0.359,0.339,0.327,0.364,0.365,
0.382,0.362,0.250,0.328,0.338,0.366,0.312,0.324,0.309,0.304,
