0.321,0.250,0.342,0.406,0.312,0.295,0.356,0.321,0.359,0.234,
0.344,nan,0.312,0.357,0.339,0.348,0.365,0.325,0.370,0.325,
0.266,nan,0.422,0.398,0.351,0.354,0.354,0.342,0.287,0.272,
nan,nan,0.329,0.359,0.359,0.375,0.346,0.339,nan,0.438,
0.341,nan,0.361,0.286,0.281,0.333,0.322,0.375,nan,0.375,
0.358,0.259,0.375,0.500,0.382,0.312,0.324,0.323,0.500,0.346,
0.312,nan,nan,0.344,0.325,0.338,0.325,nan,nan,nan,
0.409,0.500,0.348,0.312,0.188,0.380,nan,0.562,0.388,0.375,
0.322,0.391,0.375,0.250,0.303,0.344,nan,0.352,0.324,0.375,
0.438,0.357,0.339,0.312,0.329,0.281,0.219,0.388,0.328,0.312,
