0.375,0.393,nan,0.344,0.406,0.289,0.375,0.330,0.323,0.281,
0.344,0.375,0.258,0.354,nan,0.375,0.250,0.320,0.348,0.342,
0.312,0.312,nan,0.281,0.284,0.125,0.281,0.188,0.393,0.362,
0.338,0.250,0.375,0.299,0.438,0.250,0.344,0.279,0.312,0.321,
0.343,0.284,0.438,0.306,0.375,0.375,nan,0.305,0.321,0.328,
0.326,0.327,0.375,0.355,0.240,0.312,0.357,0.312,0.380,0.300,
0.381,0.200,0.312,0.321,0.375,0.354,0.349,0.317,0.332,0.277,
0.296,0.350,0.362,0.312,0.347,0.354,nan,0.328,0.324,0.336,
0.290,nan,0.438,0.203,0.343,0.237,0.500,0.388,0.327,0.326,
0.278,nan,nan,0.396,0.326,0.250,0.375,0.250,0.312,0.364,
