85.286,0.000,0.000,nan,nan,nan,0.000,119.333,139.286,155.750,
139.500,184.000,99.000,32.000,nan,0.000,96.000,131.438,105.577,134.571,
133.714,151.846,0.000,96.000,0.000,152.600,178.920,151.500,121.286,148.769,
57.857,154.227,129.857,101.880,61.000,118.235,125.500,89.538,139.800,65.143,
160.636,90.000,nan,96.000,127.667,162.429,0.000,116.333,154.059,114.150,
306.000,0.000,nan,nan,203.500,203.077,0.000,35.250,157.683,139.400,
0.000,nan,nan,nan,nan,243.000,0.000,0.000,182.571,112.875,
nan,nan,nan,nan,nan,230.143,201.273,129.265,162.750,169.125,
nan,nan,nan,nan,nan,0.000,202.500,75.750,250.400,44.000,
0.000,nan,nan,nan,nan,nan,103.929,190.500,105.429,102.000,
