0.340,0.312,0.438,0.188,0.347,0.346,0.358,0.369,0.307,0.365,
nan,0.430,0.219,0.500,0.375,0.365,0.351,0.406,0.357,0.375,
0.302,0.304,0.354,0.354,nan,0.278,0.351,0.334,0.310,0.354,
0.322,0.275,0.402,0.324,0.323,0.331,0.321,0.334,0.311,0.296,
0.219,0.412,0.438,0.250,0.323,0.156,0.271,0.351,0.342,0.287,
0.325,0.330,0.438,nan,nan,nan,nan,0.188,0.354,nan,
nan,0.316,0.250,nan,nan,0.250,nan,nan,0.312,0.375,
0.364,nan,nan,0.188,0.281,0.330,0.500,nan,0.438,0.323,
0.343,0.375,nan,0.312,0.354,0.320,0.303,0.281,0.300,0.438,
0.367,nan,0.305,0.304,0.438,0.344,0.354,0.349,0.332,0.287,
