0.312,nan,0.312,nan,0.438,0.357,0.323,0.406,0.330,0.361,
0.287,0.375,0.293,0.292,nan,0.375,0.287,0.344,0.338,0.299,
nan,0.365,0.293,0.344,0.188,0.354,0.290,0.349,0.324,nan,
0.375,0.330,nan,nan,nan,0.281,0.406,0.324,0.326,0.312,
0.312,0.351,0.304,0.326,0.438,0.250,nan,0.370,0.324,0.317,
0.309,0.330,0.351,0.332,0.531,0.250,nan,0.271,0.375,0.338,
0.352,0.330,0.349,0.375,0.275,0.312,0.320,0.341,0.301,0.250,
0.321,0.359,0.339,nan,0.312,0.458,0.354,0.366,0.324,0.333,
0.250,0.312,0.347,nan,nan,0.393,0.322,0.333,0.346,0.375,
nan,nan,nan,nan,0.453,0.331,0.347,0.263,0.324,0.375,
