0.308,0.349,0.292,0.375,0.312,0.381,0.302,0.345,0.286,0.365,
0.341,0.281,nan,0.354,0.359,0.312,0.312,0.354,0.344,0.375,
0.250,nan,0.500,0.250,0.323,0.250,0.375,0.344,0.323,0.328,
0.333,nan,0.365,0.312,0.324,0.307,0.317,0.350,0.315,0.359,
0.317,0.359,0.354,0.356,0.321,0.391,0.278,0.438,0.275,0.319,
0.327,0.342,nan,0.375,0.344,0.344,0.259,0.375,0.286,0.422,
0.325,0.281,0.375,nan,nan,0.500,nan,0.438,0.312,0.356,
0.347,0.396,0.312,nan,nan,0.399,0.333,nan,0.312,0.353,
0.344,0.300,nan,0.375,0.312,0.328,0.297,0.344,0.438,0.625,
0.320,0.358,0.438,nan,0.328,0.314,0.312,0.362,0.281,0.438,
