0.344,nan,nan,0.125,nan,0.258,0.455,0.391,0.361,0.359,
0.479,nan,0.312,0.500,0.250,0.295,0.347,0.396,0.335,0.330,
0.417,0.250,0.312,0.344,nan,0.375,nan,0.281,0.328,0.346,
0.362,0.359,0.312,0.414,0.312,0.278,nan,nan,0.397,0.328,
0.250,nan,0.312,0.500,0.319,0.271,0.125,0.312,0.319,0.312,
nan,nan,nan,0.333,0.350,0.312,0.412,0.375,0.342,0.328,
0.250,nan,nan,nan,0.331,0.340,0.319,0.338,0.320,0.290,
0.328,nan,nan,nan,0.250,0.294,0.345,0.312,0.333,0.338,
0.275,0.312,nan,nan,nan,0.308,0.307,0.333,0.330,0.375,
0.250,nan,nan,nan,nan,0.277,0.438,0.378,0.341,nan,
