0.362,nan,nan,nan,nan,0.312,0.338,0.333,0.338,0.319,
0.344,nan,0.344,0.388,nan,0.256,0.266,0.212,0.338,0.303,
0.125,0.366,0.339,0.388,nan,0.312,nan,0.500,0.328,0.353,
0.375,0.406,0.327,0.328,0.312,0.331,nan,nan,0.332,0.344,
nan,nan,0.344,nan,0.396,0.312,nan,0.354,0.325,0.301,
nan,nan,nan,0.354,0.350,0.292,0.250,0.417,0.319,0.300,
nan,nan,nan,0.250,0.304,0.347,0.316,0.325,0.340,0.301,
0.438,nan,nan,nan,0.312,0.338,0.339,0.326,0.322,0.324,
0.406,nan,nan,nan,0.500,0.348,0.362,0.332,0.327,0.318,
0.391,0.438,nan,nan,nan,0.300,0.500,0.332,0.327,0.312,
