0.262,0.369,0.292,nan,nan,nan,0.232,0.292,0.304,0.375,
0.271,0.312,0.393,0.375,nan,0.292,0.316,0.354,0.326,0.335,
0.297,0.381,0.281,0.328,0.500,0.420,0.337,0.324,0.334,0.352,
0.330,0.362,0.312,nan,0.438,0.324,0.355,0.347,0.346,0.317,
0.289,nan,nan,nan,nan,0.312,0.361,0.347,0.339,0.340,
0.350,nan,nan,nan,nan,nan,nan,0.278,0.329,0.312,
0.250,nan,nan,nan,nan,nan,0.234,nan,0.359,0.250,
nan,nan,nan,nan,nan,0.500,0.333,0.359,0.277,0.562,
0.312,nan,nan,nan,nan,0.375,0.411,0.333,0.347,0.291,
0.263,nan,nan,nan,nan,0.330,0.388,0.391,0.349,0.344,
