0.403,0.354,0.333,0.341,0.303,0.337,0.364,0.273,0.369,0.307,
0.250,0.312,0.479,nan,0.362,0.317,0.365,0.391,0.312,0.380,
0.295,0.339,0.325,nan,0.372,0.331,0.357,0.312,0.295,0.317,
0.325,0.343,0.438,nan,0.367,0.312,0.375,0.384,0.315,0.378,
0.271,0.366,nan,nan,0.264,0.312,0.323,0.299,0.309,0.326,
0.266,0.312,nan,nan,nan,0.250,0.362,nan,0.290,0.308,
0.320,0.521,nan,nan,nan,nan,nan,nan,nan,0.393,
0.336,0.320,nan,nan,nan,nan,nan,nan,0.312,0.309,
0.339,0.356,0.302,0.312,0.379,0.417,0.350,0.250,0.375,0.323,
0.279,0.323,0.375,0.362,0.338,0.385,0.339,0.352,0.318,0.308,
