0.331,nan,nan,nan,nan,nan,0.375,0.369,0.324,0.320,
0.290,0.391,nan,nan,nan,0.438,0.312,0.362,0.297,0.331,
0.310,0.398,nan,nan,0.250,0.417,0.343,0.386,0.357,0.353,
0.354,0.250,0.366,0.316,0.306,nan,0.500,0.375,0.312,0.348,
0.391,nan,nan,0.312,0.312,0.339,0.312,0.361,0.377,0.345,
nan,nan,nan,nan,0.330,0.353,0.306,0.362,0.355,0.327,
nan,nan,nan,nan,0.258,0.341,0.325,0.326,0.344,0.406,
0.333,nan,nan,nan,nan,0.319,0.312,0.348,0.297,0.336,
0.438,nan,nan,nan,nan,0.338,0.312,0.307,0.403,0.362,
0.375,nan,nan,nan,nan,nan,nan,0.500,0.219,0.332,
