168.000,125.429,84.857,nan,133.714,154.800,105.692,134.200,120.000,nan,
0.000,149.812,83.400,0.000,nan,0.000,179.077,53.625,181.400,138.000,
166.385,182.000,0.000,71.000,190.600,97.714,nan,118.500,152.859,123.222,
177.000,nan,nan,185.250,152.850,116.526,9.000,125.700,151.308,132.000,
94.737,50.571,31.125,77.308,211.615,177.188,158.000,144.000,100.800,121.250,
104.885,123.682,43.500,0.000,0.000,0.000,nan,0.000,176.438,73.875,
nan,117.400,159.000,nan,nan,nan,nan,nan,nan,nan,
124.800,114.818,76.636,110.455,30.667,0.000,0.000,nan,nan,nan,
183.000,202.500,164.333,179.667,31.000,112.800,51.429,nan,0.000,92.000,
222.000,63.000,0.000,0.000,69.750,130.688,133.435,119.000,164.880,85.667,
