0.500,nan,0.188,nan,0.188,0.295,0.396,0.375,0.361,0.354,
0.281,0.312,0.308,0.302,nan,0.250,0.362,0.271,0.342,0.316,
nan,0.303,0.394,0.344,0.625,0.333,0.347,0.335,0.316,nan,
0.330,0.308,nan,nan,nan,0.250,0.219,0.314,0.323,0.312,
0.328,0.318,0.326,0.326,0.250,0.312,nan,0.365,0.316,0.346,
0.238,0.339,0.291,0.316,0.250,0.188,nan,0.312,0.323,0.325,
0.358,0.332,0.327,0.359,0.388,0.250,0.312,0.312,0.368,0.266,
0.287,0.340,0.339,nan,0.438,0.333,0.438,0.312,0.364,0.271,
0.208,0.219,0.347,nan,nan,0.277,0.303,0.318,0.333,0.500,
nan,nan,nan,nan,0.375,0.291,0.343,0.306,0.278,0.250,
