0.361,0.290,nan,0.226,0.290,0.321,0.348,0.352,0.315,0.314,
0.323,0.323,nan,0.351,0.320,0.330,0.318,0.323,0.371,0.342,
0.280,0.435,nan,0.367,0.389,0.290,0.452,0.337,0.343,0.364,
0.290,0.226,0.298,0.339,0.323,0.333,0.323,0.337,0.317,0.323,
0.337,0.274,0.310,0.347,0.320,0.356,0.320,0.387,0.419,0.312,
0.330,0.326,0.269,0.310,nan,0.301,0.331,0.366,0.323,0.351,
0.343,0.441,0.274,0.226,0.315,0.333,0.258,nan,0.387,0.387,
0.340,0.394,0.333,nan,0.355,0.343,nan,nan,0.341,0.341,
0.361,0.308,0.398,nan,0.282,0.349,0.290,0.323,0.419,0.387,
0.373,0.353,0.355,0.258,0.347,0.370,0.312,0.352,0.349,nan,
