0.312,0.344,0.312,0.260,0.281,0.317,0.254,0.283,0.318,0.328,
0.299,0.329,0.363,0.362,0.344,0.357,0.330,0.406,0.412,0.219,
0.318,0.330,0.375,nan,0.359,0.268,0.338,0.316,0.346,0.340,
0.299,0.333,0.320,0.438,0.438,0.250,0.297,0.354,0.355,0.352,
0.312,0.406,nan,nan,0.500,0.333,0.320,0.250,0.333,0.361,
0.327,0.333,nan,nan,nan,nan,0.250,nan,0.312,0.329,
0.324,0.339,nan,nan,nan,nan,nan,nan,0.250,0.188,
0.380,0.389,nan,nan,0.438,0.312,nan,nan,0.312,0.312,
0.375,0.232,0.312,0.281,0.297,0.417,0.366,0.438,0.338,0.219,
0.344,0.344,0.301,0.329,0.339,0.351,0.335,0.420,0.328,0.344,
