119.769,178.385,nan,nan,123.750,136.312,215.400,132.000,107.000,114.000,
166.500,129.000,nan,167.400,144.000,118.500,93.714,129.250,77.286,64.385,
146.400,0.000,nan,45.000,86.100,0.000,0.000,144.429,131.400,132.692,
36.000,0.000,70.714,63.333,252.900,201.000,168.750,134.000,100.241,155.000,
159.391,231.000,118.200,112.636,208.333,129.088,81.333,0.000,143.625,179.455,
109.558,144.086,90.500,135.000,0.000,104.000,106.714,102.857,181.500,89.000,
134.419,153.000,nan,nan,nan,0.000,nan,nan,92.000,231.000,
116.455,139.909,210.000,0.000,0.000,139.412,0.000,0.000,104.100,181.000,
138.450,74.250,nan,nan,111.800,157.029,34.000,72.462,99.000,0.000,
164.833,117.261,0.000,nan,73.043,166.650,0.000,65.700,0.000,36.750,
