0.346,0.325,nan,nan,nan,nan,0.344,0.500,0.330,0.300,
0.337,0.469,0.283,0.396,nan,0.312,0.337,0.362,0.329,0.375,
0.263,0.338,0.356,0.344,nan,0.281,0.315,0.324,0.344,0.316,
0.354,0.312,0.375,0.277,0.312,0.321,0.317,0.330,0.330,0.318,
0.312,0.375,nan,nan,0.344,0.382,0.322,0.280,0.341,0.337,
0.300,nan,nan,nan,nan,0.281,0.400,0.427,0.343,0.332,
0.188,nan,nan,nan,nan,nan,0.438,0.375,0.351,0.292,
nan,nan,nan,nan,nan,0.188,0.329,0.365,0.266,nan,
0.319,nan,nan,nan,nan,0.344,0.333,0.366,0.356,0.333,
0.302,0.312,nan,nan,nan,0.325,0.271,0.319,0.338,0.338,
