nan,nan,nan,nan,0.375,0.370,0.271,0.406,0.312,0.219,
nan,nan,nan,nan,nan,0.338,0.365,0.338,0.344,0.438,
0.422,0.219,0.356,0.250,0.375,0.319,0.375,0.332,0.349,0.333,
0.366,0.469,0.352,0.352,0.281,0.330,0.250,0.354,0.306,0.331,
0.350,0.438,0.346,0.289,0.321,0.375,nan,nan,0.294,0.349,
0.308,0.281,0.391,nan,0.406,nan,0.188,0.297,0.188,0.290,
0.417,nan,nan,nan,0.281,0.469,0.312,0.325,0.310,0.312,
0.287,nan,nan,nan,0.375,0.285,0.332,0.319,0.316,0.330,
0.396,nan,nan,0.500,0.284,0.295,0.271,0.380,0.315,0.372,
0.344,nan,nan,nan,0.328,0.360,0.375,0.330,0.357,0.275,
