0.312,0.304,0.366,nan,0.304,0.325,0.293,0.333,0.375,nan,
0.281,0.348,0.300,0.250,nan,0.438,0.308,0.336,0.329,0.359,
0.370,0.354,0.312,0.417,0.350,0.214,nan,0.333,0.334,0.273,
0.396,nan,nan,0.344,0.358,0.312,0.312,0.304,0.325,0.333,
0.375,0.268,0.297,0.375,0.375,0.312,0.308,0.297,0.400,0.312,
0.346,0.344,0.356,0.438,0.250,0.406,nan,0.250,0.363,0.336,
nan,0.321,0.344,nan,nan,nan,nan,nan,nan,nan,
0.338,0.273,0.327,0.318,0.306,0.062,0.438,nan,nan,nan,
0.525,0.323,0.361,0.340,0.339,0.300,0.268,nan,0.312,0.417,
0.340,0.391,0.188,0.125,0.258,0.357,0.359,0.276,0.318,0.410,
