0.318,0.317,0.391,0.250,nan,nan,0.361,0.312,0.369,0.271,
0.325,0.271,0.325,0.302,nan,0.354,0.364,0.303,0.281,0.333,
0.438,0.321,0.312,0.212,0.375,0.412,0.353,0.321,0.330,0.306,
0.401,0.342,0.312,nan,nan,0.366,0.347,0.335,0.323,0.317,
0.370,0.396,nan,nan,nan,0.375,0.306,0.341,0.335,0.337,
0.375,nan,nan,nan,nan,nan,0.375,0.396,0.370,0.307,
nan,nan,nan,nan,nan,nan,0.229,0.375,0.406,nan,
nan,0.312,0.312,nan,nan,nan,0.337,0.438,0.368,0.438,
0.188,0.312,nan,nan,0.125,0.250,0.297,0.352,0.325,0.367,
0.422,0.250,nan,nan,0.312,0.330,0.409,0.321,0.391,0.355,
