0.335,nan,nan,nan,nan,0.285,0.361,0.323,0.358,0.333,
0.367,nan,0.306,0.355,nan,0.310,0.290,0.258,0.355,0.294,
0.226,0.396,0.359,0.348,nan,0.387,nan,0.355,0.321,0.348,
0.344,0.363,0.330,0.298,0.323,0.332,nan,nan,0.334,0.342,
nan,nan,0.387,nan,0.344,0.306,nan,0.355,0.336,0.343,
nan,nan,nan,0.308,0.340,0.344,0.300,0.387,0.368,0.316,
nan,nan,nan,0.290,0.355,0.328,0.317,0.317,0.344,0.323,
0.452,nan,nan,nan,0.355,0.323,0.335,0.341,0.330,0.333,
0.387,nan,nan,nan,0.387,0.331,0.348,0.305,0.359,0.331,
0.363,0.484,nan,nan,nan,0.348,0.419,0.326,0.333,0.290,
