0.339,0.316,0.290,nan,nan,nan,0.387,0.387,0.331,0.323,
0.323,0.335,0.295,0.194,nan,0.355,0.357,0.351,0.333,0.305,
0.339,0.384,0.290,0.351,0.323,0.309,0.337,0.337,0.341,0.331,
0.387,0.323,0.226,nan,0.258,0.337,0.329,0.329,0.340,0.336,
0.347,nan,nan,nan,nan,0.403,0.283,0.338,0.344,0.356,
0.387,nan,nan,nan,nan,nan,nan,0.370,0.315,0.366,
0.452,nan,nan,nan,nan,nan,0.363,nan,0.355,0.387,
nan,nan,nan,nan,nan,0.194,0.347,0.266,0.387,0.161,
0.339,nan,nan,nan,nan,0.226,0.318,0.333,0.336,0.358,
0.387,nan,nan,nan,nan,0.341,0.355,0.309,0.328,0.313,
