80.700,nan,nan,nan,nan,nan,121.125,150.923,144.486,131.214,
122.143,nan,nan,200.000,nan,0.000,152.538,163.941,95.125,166.875,
155.571,nan,nan,113.333,96.000,123.000,101.900,170.400,182.250,102.409,
216.000,0.000,186.600,146.000,148.364,159.000,0.000,nan,133.125,141.583,
111.000,0.000,0.000,58.000,130.200,81.375,nan,81.000,118.833,160.000,
nan,0.000,nan,nan,30.000,97.957,31.500,203.143,96.800,135.750,
nan,nan,nan,0.000,199.875,215.500,155.793,222.857,172.038,153.938,
180.333,nan,nan,nan,nan,111.300,136.389,127.923,142.615,133.241,
87.000,nan,nan,nan,123.000,114.000,135.484,107.400,154.800,162.273,
nan,nan,nan,nan,nan,0.000,159.000,103.500,194.250,171.333,
