0.375,nan,nan,0.281,0.375,0.346,0.354,0.368,0.329,nan,
0.250,nan,0.250,nan,0.304,0.344,nan,0.326,0.355,nan,
0.316,0.321,0.348,0.292,0.318,0.336,0.344,0.358,0.292,0.287,
0.350,0.312,0.297,0.320,0.324,0.302,0.292,0.354,0.329,0.302,
0.375,0.219,0.278,0.316,0.375,0.375,0.344,0.250,0.320,0.341,
0.469,0.336,0.277,0.188,nan,0.354,0.259,0.324,0.281,0.320,
0.422,0.438,nan,nan,nan,0.295,0.325,0.375,0.361,0.316,
0.312,0.396,nan,0.375,0.323,0.406,0.375,0.339,0.318,0.329,
0.300,nan,0.338,0.347,0.266,0.281,0.324,0.334,0.203,0.371,
0.359,nan,0.292,0.348,0.188,0.334,0.318,0.304,0.281,0.250,
