0.346,0.306,0.355,0.360,0.300,0.369,0.363,0.319,0.344,0.226,
0.194,0.318,0.355,nan,0.352,0.324,0.342,0.330,0.290,0.392,
0.357,0.344,0.315,0.323,0.342,0.336,0.371,0.332,0.295,0.314,
0.306,0.331,0.403,0.242,0.344,0.290,0.290,0.318,0.339,0.359,
0.344,0.290,nan,0.323,0.378,nan,0.339,0.308,0.336,0.347,
0.284,0.210,nan,nan,0.387,0.484,0.306,0.258,0.361,0.322,
0.346,0.323,nan,nan,nan,nan,nan,nan,nan,0.383,
0.341,0.349,0.355,nan,nan,nan,nan,nan,nan,0.336,
0.341,0.333,nan,0.387,0.303,0.258,0.331,0.366,0.380,0.342,
0.356,0.297,0.342,0.335,0.333,0.340,0.290,0.314,0.314,0.353,
