57.600,nan,0.000,nan,215.000,77.571,0.000,109.250,112.714,76.167,
156.714,168.600,156.667,129.000,nan,nan,0.000,133.750,82.950,108.571,
9.000,53.400,nan,92.400,0.000,nan,nan,60.000,0.000,153.000,
107.812,0.000,0.000,93.000,nan,62.000,74.143,148.714,192.857,147.000,
129.909,46.875,177.000,40.000,105.600,0.000,0.000,127.050,137.523,90.231,
95.812,100.385,187.500,82.345,147.214,216.000,3.000,nan,132.000,25.500,
98.500,232.200,126.000,154.200,12.000,174.923,152.333,168.600,93.600,199.500,
135.000,226.500,247.000,0.000,54.000,102.400,9.000,118.200,149.160,135.643,
86.455,141.000,nan,0.000,107.667,129.000,nan,181.200,135.882,105.000,
106.875,nan,nan,nan,69.375,nan,nan,162.000,102.167,120.600,
