0.290,nan,0.323,nan,nan,nan,nan,0.290,0.296,0.330,
0.294,0.335,0.387,0.226,nan,nan,0.290,0.346,0.315,0.331,
0.364,0.321,0.313,0.337,0.226,0.334,0.343,0.337,0.320,0.331,
0.387,0.356,0.312,0.365,0.406,0.347,0.346,0.338,0.341,0.355,
0.318,0.394,0.306,0.366,0.342,0.306,0.355,0.317,0.338,0.350,
0.315,0.323,nan,nan,0.329,0.348,nan,0.435,0.321,0.379,
0.387,nan,nan,nan,nan,0.333,0.366,nan,0.323,0.335,
nan,nan,nan,nan,nan,0.303,0.321,0.349,0.302,0.364,
nan,nan,nan,nan,nan,0.323,0.346,0.366,0.300,0.331,
0.331,0.290,nan,nan,nan,0.297,0.309,0.286,0.387,0.283,
