0.312,nan,0.188,nan,nan,0.358,0.562,0.297,0.309,0.327,
0.362,0.333,0.411,0.438,nan,nan,nan,0.325,0.330,0.313,
0.271,0.357,nan,0.396,0.237,0.375,nan,0.344,nan,0.295,
0.305,0.312,0.344,0.352,0.344,0.312,0.344,0.347,0.312,0.379,
0.362,0.304,0.312,0.188,0.350,nan,0.312,0.319,0.327,0.344,
0.316,0.348,0.273,0.323,0.289,0.188,0.312,0.500,0.349,0.354,
0.342,0.297,0.321,0.312,nan,0.350,0.318,0.320,0.281,0.359,
0.359,0.312,0.281,0.375,0.389,0.305,0.287,0.319,0.353,0.324,
0.312,nan,0.438,0.312,0.286,0.312,nan,0.275,0.326,0.333,
0.388,0.250,nan,nan,0.400,nan,nan,0.344,0.338,0.358,
