0.317,nan,nan,nan,nan,0.326,0.292,0.362,0.287,0.330,
0.375,nan,0.219,nan,0.312,0.384,0.406,0.338,0.332,0.285,
0.300,0.412,0.281,nan,nan,0.414,nan,0.344,0.375,0.365,
0.244,0.375,0.311,0.389,0.188,nan,nan,0.250,0.312,0.358,
nan,0.125,0.320,0.562,0.347,0.281,nan,0.359,0.375,0.258,
nan,nan,nan,nan,0.229,0.250,0.369,0.288,0.324,0.271,
0.312,nan,nan,nan,0.406,0.298,0.368,0.320,0.337,0.219,
0.362,nan,nan,nan,0.312,0.330,0.358,0.336,0.351,0.310,
0.335,0.375,0.438,nan,0.375,0.330,0.295,0.268,0.379,0.312,
0.406,nan,nan,nan,0.250,0.357,0.188,0.379,0.406,0.250,
