0.375,0.250,nan,nan,nan,0.396,0.344,0.294,0.312,0.276,
0.338,nan,0.500,nan,nan,0.294,0.336,0.344,0.354,0.366,
0.375,0.312,0.438,nan,0.219,0.300,0.438,0.362,0.335,0.312,
0.281,nan,0.341,0.349,0.354,0.312,nan,nan,0.292,0.334,
0.438,nan,0.340,0.208,0.293,0.297,nan,0.312,0.338,0.308,
nan,nan,0.312,0.250,0.384,0.250,0.333,0.356,0.276,0.328,
nan,nan,nan,nan,0.302,0.306,0.352,0.339,0.334,0.304,
0.414,nan,nan,0.375,0.219,0.312,0.333,0.299,0.346,0.344,
0.323,0.304,0.250,nan,0.301,0.318,0.382,0.375,0.281,0.324,
0.375,0.406,nan,nan,nan,0.324,0.336,0.266,0.312,0.375,
