0.336,0.290,0.323,nan,nan,nan,0.355,0.315,0.323,0.343,
0.363,0.358,0.349,0.387,nan,0.290,0.258,0.334,0.339,0.304,
0.334,0.342,0.290,0.337,0.323,0.327,0.333,0.335,0.327,0.325,
0.364,0.312,0.302,0.346,0.333,0.321,0.360,0.329,0.327,0.316,
0.328,0.342,nan,0.348,0.314,0.336,0.258,0.317,0.343,0.354,
0.274,0.290,nan,nan,0.328,0.355,0.194,0.339,0.333,0.346,
0.355,nan,nan,nan,nan,0.312,0.258,0.258,0.332,0.298,
nan,nan,nan,nan,nan,0.387,0.334,0.334,0.356,0.302,
nan,nan,nan,nan,nan,0.323,0.395,0.294,0.323,0.323,
0.323,nan,nan,nan,nan,nan,0.357,0.390,0.364,0.363,
