nan,0.312,0.438,0.250,0.367,0.419,0.344,0.292,0.188,0.275,
0.328,0.284,0.325,0.326,0.326,0.417,0.298,0.371,0.250,0.312,
0.279,0.385,0.266,0.375,0.266,0.337,0.348,0.343,0.312,0.272,
0.430,0.316,0.339,0.357,0.375,nan,0.353,0.352,0.345,0.314,
0.312,0.375,0.250,nan,nan,nan,0.308,0.341,0.344,0.379,
0.344,0.250,nan,nan,nan,nan,nan,0.297,0.271,0.317,
0.312,nan,nan,nan,nan,nan,nan,nan,nan,nan,
0.250,0.318,nan,nan,0.344,0.500,0.375,nan,0.312,nan,
0.312,nan,nan,0.292,0.355,0.250,0.349,0.325,0.312,0.350,
0.333,0.250,0.330,0.479,0.302,0.417,0.381,0.332,0.308,0.330,
