0.356,nan,nan,nan,nan,nan,0.208,0.338,0.301,0.360,
0.362,0.312,nan,nan,nan,0.188,0.386,0.323,0.359,0.342,
0.326,0.281,nan,nan,0.250,0.292,0.345,0.261,0.283,0.312,
0.396,0.375,0.259,0.336,0.312,nan,0.250,0.339,0.333,0.304,
0.359,nan,nan,0.344,0.352,0.332,0.438,0.293,0.309,0.303,
nan,nan,nan,nan,0.347,0.332,0.375,0.338,0.311,0.341,
nan,nan,nan,nan,0.398,0.364,0.350,0.308,0.336,0.254,
0.281,nan,nan,nan,nan,0.326,0.339,0.281,0.371,0.318,
0.375,nan,nan,nan,nan,0.388,0.355,0.380,0.273,0.333,
0.188,nan,nan,nan,nan,nan,nan,0.188,0.344,0.351,
