0.283,nan,nan,0.369,0.344,0.352,0.344,0.318,0.360,0.355,
0.328,nan,nan,0.348,0.364,0.320,0.306,0.323,0.323,0.325,
0.271,nan,0.387,0.295,0.362,0.323,0.323,0.335,0.317,0.332,
0.349,0.355,0.285,0.344,0.367,0.306,0.325,0.350,0.329,0.258,
0.339,0.355,0.340,0.347,0.320,0.357,0.355,0.301,nan,nan,
0.328,0.349,nan,0.290,nan,0.349,0.327,0.337,0.287,0.323,
0.342,nan,0.306,nan,0.371,0.336,0.323,0.258,0.484,nan,
0.357,0.306,0.354,0.310,nan,0.359,0.355,0.376,0.333,0.323,
0.329,0.304,0.419,nan,0.290,0.300,0.409,0.350,0.280,0.374,
0.297,0.329,0.323,0.339,0.328,0.336,0.355,0.343,0.250,0.367,
