0.279,0.229,nan,0.268,0.412,0.406,0.330,0.359,nan,0.281,
0.294,0.350,0.388,0.358,0.156,0.328,0.292,0.353,0.359,0.344,
0.285,nan,0.375,0.236,0.281,0.458,0.375,0.345,0.330,0.366,
0.275,0.328,0.312,nan,nan,0.396,0.328,0.332,0.352,0.272,
0.417,nan,nan,nan,nan,nan,0.328,0.347,0.336,0.356,
0.312,nan,nan,nan,nan,nan,nan,0.406,0.411,0.289,
nan,nan,nan,nan,nan,nan,nan,nan,nan,0.312,
nan,0.330,0.188,nan,nan,nan,0.328,0.250,0.406,0.188,
nan,0.250,nan,0.312,0.319,0.281,0.361,0.349,0.326,0.344,
0.297,nan,nan,nan,0.406,0.391,0.318,0.307,0.299,0.316,
