250.000,189.000,99.000,135.000,102.333,163.667,189.000,105.000,123.000,42.600,
55.364,159.474,162.429,128.483,34.000,118.286,61.500,135.577,33.000,86.000,
109.059,27.000,82.000,143.250,37.333,105.500,57.500,157.784,132.500,165.176,
160.800,201.500,0.000,72.000,nan,0.000,144.480,148.963,142.833,191.500,
nan,nan,0.000,nan,nan,nan,101.308,169.043,154.823,126.000,
45.000,nan,nan,nan,nan,nan,0.000,0.000,153.500,149.000,
31.714,nan,nan,nan,nan,nan,nan,nan,nan,0.000,
nan,208.800,nan,nan,0.000,0.000,100.200,0.000,0.000,nan,
0.000,nan,nan,0.000,108.375,0.000,129.130,146.286,179.077,133.200,
126.000,0.000,38.000,nan,88.000,108.750,106.929,110.793,148.250,124.759,
