194.250,246.000,32.000,nan,nan,nan,53.571,223.000,182.217,0.000,
215.500,105.375,146.143,0.000,nan,122.000,148.059,130.333,176.667,114.545,
148.500,132.545,195.000,264.000,0.000,83.571,110.523,177.840,109.269,139.219,
70.714,96.300,0.000,nan,0.000,171.273,119.953,122.160,101.789,73.714,
102.375,nan,nan,nan,nan,174.000,212.000,121.404,125.565,167.757,
55.800,nan,nan,nan,nan,nan,nan,141.818,150.794,146.550,
0.000,nan,nan,nan,nan,nan,83.250,nan,95.250,0.000,
nan,nan,nan,nan,nan,0.000,119.857,315.750,113.143,0.000,
250.500,nan,nan,nan,nan,0.000,99.857,95.333,137.640,123.750,
169.800,nan,nan,nan,nan,158.571,123.000,75.250,129.750,164.357,
