155.357,129.632,183.000,243.000,133.000,171.600,170.500,182.556,130.929,116.000,
80.455,180.000,nan,0.000,153.000,63.000,101.250,129.857,124.500,76.800,
0.000,nan,0.000,0.000,82.250,99.000,177.000,118.875,147.786,99.562,
0.000,nan,30.000,150.000,181.714,97.565,118.966,128.000,116.375,73.500,
130.966,156.150,124.000,67.800,144.913,127.444,49.091,0.000,98.400,146.500,
101.211,128.625,nan,60.000,177.000,114.500,150.857,0.000,234.857,57.000,
120.176,102.000,0.000,nan,nan,0.000,nan,0.000,66.600,38.400,
208.909,104.000,194.250,nan,nan,126.000,134.000,nan,200.000,170.824,
157.312,156.600,nan,33.000,200.700,138.324,74.250,257.250,0.000,0.000,
147.750,75.545,0.000,nan,148.000,122.500,165.750,61.800,162.000,0.000,
