nan,0.188,0.321,0.250,0.406,0.278,0.369,0.391,0.342,0.277,
0.375,0.307,0.309,0.241,nan,0.250,0.402,0.359,0.365,0.322,
0.188,0.333,0.358,0.250,0.156,0.338,0.321,0.349,0.352,0.375,
0.365,0.320,0.312,nan,nan,nan,0.398,0.362,0.340,0.321,
0.334,0.337,0.309,0.333,nan,nan,nan,0.332,0.308,0.357,
0.350,0.346,0.319,0.349,nan,nan,nan,0.406,0.396,0.281,
0.293,0.332,0.365,0.352,0.203,nan,0.322,0.329,0.342,0.375,
0.299,0.330,0.333,0.250,nan,0.333,0.812,0.352,0.353,0.330,
0.312,nan,0.350,0.438,0.281,0.292,0.304,0.350,0.355,0.412,
nan,0.438,nan,0.438,0.324,0.333,0.288,0.362,0.289,0.250,
