0.469,nan,0.312,nan,0.263,0.312,nan,0.338,0.406,0.325,
0.324,0.274,0.344,0.305,0.438,nan,0.062,0.283,0.303,0.316,
0.287,nan,nan,0.312,nan,nan,0.188,0.333,0.250,0.396,
0.307,nan,nan,0.338,nan,nan,0.312,0.326,0.347,0.347,
0.319,0.333,0.396,0.188,0.375,nan,0.469,0.328,0.351,0.312,
0.380,0.384,0.281,0.337,0.337,0.328,0.344,nan,0.361,0.281,
0.301,0.327,0.388,0.400,0.281,0.320,0.361,0.326,0.357,0.343,
0.250,0.359,0.287,nan,0.219,0.332,0.438,0.325,0.322,0.319,
0.347,nan,nan,0.188,0.356,0.344,nan,0.332,0.306,0.279,
0.409,0.312,nan,nan,0.344,nan,0.375,0.278,0.349,0.388,
