nan,nan,nan,0.188,0.062,0.354,0.361,0.283,0.292,0.375,
nan,nan,nan,nan,nan,0.417,0.259,0.347,0.297,0.271,
0.287,0.250,0.347,0.384,0.326,0.346,0.393,0.315,0.324,0.308,
0.339,0.389,0.386,0.321,0.156,0.417,0.271,0.383,0.350,0.331,
0.375,0.308,0.284,0.312,0.356,0.375,nan,nan,0.469,0.326,
0.281,0.250,0.250,0.500,0.266,0.375,0.438,0.320,0.263,0.352,
0.286,nan,nan,nan,0.344,0.348,0.328,0.318,0.320,0.321,
0.260,nan,nan,nan,0.422,0.347,0.338,0.333,0.331,0.332,
0.333,nan,nan,0.359,0.362,0.336,0.292,0.306,0.335,0.337,
0.163,nan,nan,0.412,0.296,0.335,0.250,0.297,0.350,0.375,
