0.352,nan,0.290,nan,0.387,0.332,0.323,0.341,0.290,0.328,
0.358,0.381,0.373,0.366,nan,nan,0.323,0.387,0.310,0.336,
0.290,0.323,nan,0.406,0.161,nan,nan,0.427,0.258,0.274,
0.310,0.290,0.419,0.293,nan,0.398,0.221,0.329,0.313,0.359,
0.324,0.343,0.371,0.333,0.394,0.161,0.290,0.353,0.330,0.357,
0.323,0.390,0.298,0.320,0.300,0.274,0.306,nan,0.296,0.218,
0.334,0.355,0.315,0.342,0.347,0.337,0.305,0.333,0.323,0.366,
0.344,0.296,0.280,0.258,0.355,0.342,0.387,0.323,0.332,0.331,
0.381,0.387,nan,0.290,0.318,0.363,nan,0.355,0.300,0.329,
0.343,nan,nan,nan,0.315,nan,nan,0.266,0.299,0.339,
