0.268,0.349,0.188,0.250,0.250,0.188,0.338,0.356,0.357,0.281,
0.229,0.357,0.375,0.348,0.438,0.312,0.367,0.284,nan,0.344,
0.347,0.350,nan,0.375,0.375,0.250,0.339,0.351,0.359,0.320,
0.371,0.365,nan,nan,nan,0.300,0.299,0.364,0.329,0.315,
0.344,0.375,nan,nan,nan,nan,0.281,0.329,0.346,0.315,
0.354,nan,nan,nan,nan,nan,nan,0.281,0.284,0.325,
nan,0.438,nan,nan,nan,nan,0.250,0.250,0.347,0.188,
0.562,0.368,0.250,nan,nan,nan,0.410,0.375,0.271,0.375,
nan,nan,nan,nan,0.250,0.188,0.362,0.348,0.315,0.312,
0.333,0.188,nan,0.312,nan,0.438,0.297,0.357,0.341,0.330,
