nan,nan,nan,nan,0.250,0.322,0.365,0.312,0.328,0.312,
nan,nan,nan,nan,nan,0.317,0.312,0.338,0.369,0.375,
0.344,0.297,0.344,0.375,0.312,0.326,0.281,0.327,0.340,0.347,
0.384,0.344,0.345,0.333,0.375,0.312,0.406,0.375,0.319,0.320,
0.362,0.344,0.365,0.305,0.317,0.250,nan,nan,0.287,0.355,
0.361,0.156,0.406,nan,0.375,nan,0.125,0.266,0.438,0.316,
0.438,nan,nan,nan,0.391,0.375,0.356,0.353,0.298,0.362,
0.350,nan,nan,nan,0.406,0.297,0.327,0.356,0.304,0.324,
0.312,nan,nan,0.188,0.332,0.348,0.396,0.354,0.328,0.347,
0.352,nan,nan,nan,0.297,0.344,0.359,0.347,0.360,0.306,
