0.312,0.188,nan,0.250,0.438,0.322,0.379,0.281,0.326,nan,
0.381,0.292,0.375,0.312,0.266,nan,0.250,0.350,0.312,0.362,
0.305,0.342,0.366,0.445,nan,0.375,0.297,0.368,0.307,0.310,
0.333,0.292,nan,0.354,0.406,0.276,0.341,0.329,0.345,0.355,
0.372,0.312,0.338,0.438,0.362,0.309,0.366,0.368,0.263,0.329,
0.292,0.328,0.375,nan,0.312,0.344,nan,nan,nan,0.336,
0.356,0.388,0.295,nan,nan,nan,nan,nan,0.312,0.357,
0.300,0.281,0.292,nan,0.375,0.354,nan,nan,0.438,nan,
0.334,0.300,0.188,0.062,0.335,0.311,0.335,0.281,0.359,0.312,
0.321,0.438,nan,0.357,0.425,0.356,0.324,0.325,0.333,0.375,
