0.372,0.406,0.312,0.322,0.384,0.305,0.315,0.368,0.315,0.344,
0.438,0.351,0.375,nan,0.361,0.309,0.358,0.333,0.500,0.268,
0.320,0.321,0.250,0.156,0.325,0.357,0.312,0.403,0.411,0.308,
0.336,0.331,0.312,0.281,0.385,0.562,0.484,0.321,0.306,0.322,
0.333,0.375,nan,0.250,0.278,nan,0.312,0.431,0.277,0.250,
0.312,0.438,nan,nan,0.188,0.312,0.375,0.500,0.319,0.365,
0.308,0.438,nan,nan,nan,nan,nan,nan,nan,0.305,
0.341,0.286,0.312,nan,nan,nan,nan,nan,nan,0.339,
0.317,0.340,nan,0.312,0.400,0.375,0.328,0.385,0.257,0.312,
0.333,0.412,0.332,0.348,0.306,0.303,0.368,0.367,0.322,0.326,
