0.438,0.375,nan,nan,0.297,0.350,0.351,0.333,0.375,0.312,
0.300,0.375,nan,0.188,0.312,nan,0.325,0.354,0.350,0.290,
0.336,0.330,0.367,0.203,0.344,0.344,0.188,0.307,0.324,0.298,
0.319,0.260,0.312,0.367,0.354,0.306,0.362,0.338,0.316,0.396,
0.347,0.366,0.328,0.500,0.292,0.312,0.350,0.400,0.625,0.354,
0.305,0.323,nan,nan,0.396,0.297,0.438,0.375,nan,0.333,
0.396,0.375,0.281,0.250,nan,0.312,nan,nan,nan,0.375,
0.375,0.250,0.438,nan,0.312,0.268,0.406,nan,nan,nan,
0.299,0.426,0.375,0.375,0.325,0.324,0.318,0.312,0.328,0.312,
0.312,0.396,nan,0.365,0.275,0.349,0.363,0.334,0.341,0.321,
