0.274,0.337,0.290,0.301,0.344,0.375,0.339,0.320,0.384,nan,
0.352,0.338,0.344,0.406,0.250,0.344,0.297,0.327,0.347,0.375,
nan,nan,0.250,0.312,0.317,0.295,0.362,0.386,0.303,0.278,
nan,0.344,0.312,0.388,0.340,0.345,0.295,0.305,0.295,0.354,
0.375,0.257,0.500,0.333,0.335,0.350,0.312,0.385,nan,0.277,
0.354,0.299,0.312,0.344,0.271,0.396,0.297,0.375,0.406,0.562,
0.302,0.338,0.369,nan,nan,nan,nan,nan,0.271,0.375,
0.368,0.292,0.325,0.301,nan,0.344,nan,nan,0.500,0.375,
0.321,0.330,0.312,0.479,0.312,0.320,0.188,0.375,nan,0.438,
0.325,0.312,nan,0.188,0.320,0.340,0.372,0.308,0.312,0.396,
