80.000,nan,nan,75.000,66.000,133.286,261.857,126.714,154.700,115.636,
123.625,0.000,nan,98.571,128.647,224.800,123.750,185.625,72.176,115.645,
53.250,102.000,6.000,94.571,175.364,159.000,0.000,114.667,219.923,120.300,
105.000,nan,105.000,120.222,219.000,0.000,79.333,157.312,184.500,nan,
160.258,0.000,70.333,187.571,120.545,142.393,111.353,42.000,nan,197.250,
153.761,232.091,0.000,188.000,0.000,72.375,180.750,67.071,161.455,113.571,
95.250,0.000,138.000,nan,198.000,182.143,141.000,nan,nan,nan,
151.688,45.750,141.714,0.000,126.000,112.125,nan,0.000,82.714,184.500,
0.000,110.062,95.571,0.000,64.875,177.730,0.000,76.714,6.000,79.000,
150.273,139.846,nan,0.000,105.000,138.913,124.500,103.962,54.000,48.545,
