0.387,nan,nan,nan,nan,nan,nan,0.364,0.328,0.329,
0.265,0.312,0.237,nan,nan,nan,0.339,0.313,0.334,0.319,
0.337,0.352,0.274,nan,0.387,0.328,0.335,0.331,0.341,0.343,
0.306,0.335,0.327,0.419,0.323,0.398,0.355,0.387,0.319,0.345,
0.330,0.258,nan,nan,0.396,0.347,0.323,0.346,0.329,0.323,
0.315,0.355,nan,nan,0.314,0.358,0.355,0.363,0.343,0.316,
0.387,nan,nan,nan,nan,0.341,0.336,0.346,0.340,0.315,
0.355,nan,nan,nan,nan,0.361,0.334,0.335,0.341,0.346,
nan,nan,nan,nan,nan,nan,0.341,0.376,0.324,0.379,
nan,nan,nan,nan,nan,nan,0.366,0.355,0.323,0.368,
