93.000,nan,nan,nan,nan,nan,0.000,22.500,149.077,136.500,
133.125,249.000,64.500,0.000,nan,nan,0.000,174.964,75.333,122.609,
129.964,173.143,nan,nan,nan,106.636,140.640,109.116,122.615,133.500,
51.667,93.000,186.500,205.000,160.200,0.000,0.000,93.545,93.000,109.421,
87.667,nan,nan,nan,127.800,163.714,45.000,154.200,114.000,200.250,
69.000,nan,nan,0.000,157.385,175.378,39.667,100.500,149.400,196.909,
0.000,nan,nan,nan,144.600,102.250,93.808,111.136,120.000,100.000,
105.750,nan,nan,nan,nan,138.706,151.059,144.500,160.300,167.780,
nan,nan,nan,nan,nan,nan,133.333,107.455,84.600,80.182,
nan,nan,nan,nan,nan,0.000,41.625,15.000,0.000,82.714,
