0.349,0.219,0.250,nan,nan,0.250,0.250,0.312,0.352,0.380,
0.344,0.330,0.321,0.281,nan,0.453,0.417,0.375,0.312,0.345,
0.338,0.332,0.396,0.342,nan,0.323,0.343,0.313,0.281,0.393,
0.354,0.350,0.312,0.276,0.500,0.321,0.375,0.333,0.325,0.375,
0.324,0.375,0.500,nan,0.312,0.392,0.318,0.340,0.344,0.311,
0.344,nan,nan,nan,nan,0.321,0.359,0.340,0.324,0.354,
0.062,nan,nan,nan,nan,nan,0.438,0.125,0.338,0.333,
nan,nan,nan,nan,nan,0.237,0.290,0.318,0.328,0.375,
0.438,nan,nan,nan,nan,0.287,0.399,0.375,0.345,0.438,
0.318,nan,nan,nan,nan,0.286,0.375,0.309,0.342,0.321,
