nan,nan,nan,273.000,0.000,82.000,80.250,135.900,109.714,186.000,
nan,nan,211.200,0.000,51.818,0.000,210.600,126.360,164.192,77.400,
130.714,nan,204.000,77.250,67.286,165.692,45.000,112.429,114.600,35.571,
126.094,144.000,nan,0.000,92.769,154.000,0.000,196.500,147.222,92.182,
133.370,54.000,71.400,122.571,0.000,0.000,nan,nan,155.609,96.857,
52.000,142.263,151.500,114.600,0.000,246.000,0.000,204.000,267.000,135.667,
108.882,119.000,219.000,nan,nan,0.000,18.000,152.870,151.500,162.231,
122.250,171.273,0.000,0.000,135.000,81.750,0.000,123.000,140.067,202.000,
169.200,240.000,241.000,147.000,nan,163.500,123.360,145.676,156.405,234.600,
146.250,nan,nan,141.000,180.000,147.000,118.875,127.588,108.667,nan,
