0.312,0.312,nan,nan,nan,0.344,0.297,0.301,0.338,0.350,
nan,nan,nan,nan,0.500,0.354,0.287,0.333,0.327,0.362,
0.234,0.203,0.375,nan,nan,0.330,0.562,0.250,0.337,0.401,
0.328,0.328,0.332,0.312,nan,0.188,nan,0.250,0.375,0.333,
nan,nan,0.358,0.375,0.366,0.333,0.438,0.125,0.302,0.300,
nan,nan,0.438,nan,0.400,0.344,0.375,0.336,0.321,0.323,
0.219,nan,nan,nan,0.333,0.307,0.336,0.338,0.353,0.347,
0.320,nan,nan,nan,0.412,0.352,0.341,0.307,0.325,0.338,
0.340,0.250,0.375,0.375,0.322,0.314,0.372,0.362,0.232,0.372,
0.333,nan,nan,nan,0.188,0.330,0.146,0.403,0.330,0.500,
