nan,0.387,0.341,0.194,0.366,0.194,0.344,0.350,0.328,0.323,
0.285,0.297,0.339,0.341,nan,0.333,0.290,0.390,0.306,0.334,
0.323,0.343,0.352,0.290,0.347,0.315,0.294,0.328,0.328,0.317,
0.314,0.348,0.366,nan,nan,0.331,0.336,0.327,0.343,0.302,
0.336,0.333,0.311,0.295,nan,nan,nan,0.328,0.343,0.319,
0.352,0.345,0.323,0.335,0.452,nan,0.366,0.326,0.342,0.355,
0.340,0.301,0.341,0.355,0.323,0.290,0.355,0.304,0.357,0.371,
0.329,0.333,0.348,0.323,0.226,0.304,0.312,0.316,0.309,0.310,
0.339,0.409,0.312,nan,0.313,0.323,0.312,0.351,0.357,0.300,
nan,nan,nan,nan,0.348,0.326,0.318,0.242,0.294,nan,
