0.312,nan,nan,0.312,0.324,0.362,0.307,0.301,0.319,0.312,
nan,0.273,0.312,nan,0.292,0.396,0.321,0.375,0.307,0.281,
0.342,0.303,0.344,0.375,0.188,0.348,0.344,0.334,0.324,0.347,
0.362,0.469,nan,0.326,0.347,0.346,0.317,0.369,0.331,0.281,
0.236,0.354,0.306,nan,0.275,0.406,0.234,0.286,0.312,0.324,
0.219,0.297,0.219,nan,nan,nan,nan,0.417,nan,nan,
0.333,0.359,0.312,nan,nan,nan,nan,nan,nan,0.323,
0.344,0.344,0.325,nan,0.312,0.329,0.125,nan,0.375,0.292,
0.323,0.295,nan,0.250,0.333,0.358,0.328,0.284,0.312,0.250,
0.319,nan,0.417,0.309,0.365,0.296,0.325,0.329,0.344,0.312,
