0.361,0.375,0.312,0.367,nan,0.342,0.326,0.334,0.339,0.375,
0.359,0.393,nan,0.333,nan,0.271,0.318,0.333,0.312,nan,
nan,nan,nan,0.281,0.347,0.323,0.344,0.337,0.351,0.316,
0.281,0.338,0.312,0.375,0.375,0.299,0.300,0.373,0.342,0.354,
0.369,0.336,nan,0.325,0.355,0.300,0.250,0.344,0.281,0.285,
0.273,0.358,nan,nan,0.219,0.383,0.417,0.375,0.388,0.234,
0.335,0.320,0.281,nan,nan,nan,nan,nan,0.287,0.400,
0.334,0.312,0.335,0.245,nan,0.362,0.250,nan,0.344,0.324,
0.382,0.371,0.422,nan,0.323,0.311,0.312,0.359,0.312,nan,
0.330,0.375,nan,0.438,0.326,0.330,0.324,0.364,0.354,nan,
