0.320,0.260,0.438,nan,nan,0.188,0.188,0.375,0.362,0.377,
0.349,0.297,0.333,0.375,nan,0.375,0.458,0.312,0.362,0.327,
0.327,0.354,0.328,0.309,0.333,0.359,0.309,0.327,0.349,0.316,
0.250,0.351,0.375,0.339,0.365,0.301,0.278,0.367,0.339,0.312,
0.330,0.326,nan,0.500,0.347,0.305,0.500,0.366,0.357,0.330,
0.328,nan,nan,nan,nan,0.292,0.438,nan,0.353,0.344,
0.250,nan,nan,nan,nan,0.375,0.319,0.312,0.259,0.417,
nan,nan,nan,nan,nan,0.365,0.331,0.341,0.306,0.375,
nan,nan,nan,nan,nan,0.312,0.340,0.458,0.330,0.312,
0.297,nan,nan,nan,nan,0.325,0.358,0.269,0.277,0.326,
