149.308,190.000,nan,182.143,91.800,219.750,106.636,114.000,nan,0.000,
51.000,96.273,97.800,130.091,117.000,215.250,151.000,102.130,81.000,180.000,
103.688,nan,0.000,99.333,0.000,94.000,148.200,168.357,114.469,168.353,
145.800,144.750,0.000,nan,nan,104.000,195.909,130.158,135.462,135.300,
185.000,nan,nan,nan,nan,nan,128.500,114.484,146.129,118.050,
222.000,nan,nan,nan,nan,nan,nan,93.000,208.714,142.125,
nan,nan,nan,nan,nan,nan,nan,nan,nan,0.000,
nan,75.857,0.000,nan,nan,nan,152.250,183.000,51.000,0.000,
nan,0.000,nan,0.000,126.667,51.000,117.667,105.273,154.532,215.400,
0.000,nan,nan,nan,0.000,172.500,192.500,111.429,120.643,133.167,
