nan,0.000,0.000,0.000,93.000,115.500,326.250,0.000,0.000,108.600,
120.000,160.050,92.100,178.105,80.667,267.000,76.059,166.688,0.000,252.000,
183.800,60.000,105.750,140.333,95.500,83.538,85.714,158.444,124.969,156.130,
48.750,82.800,105.500,101.143,201.000,nan,131.824,168.764,137.911,86.914,
0.000,0.000,0.000,nan,nan,nan,86.143,125.483,144.370,139.600,
130.500,0.000,nan,nan,nan,nan,nan,72.000,176.000,177.000,
204.000,nan,nan,nan,nan,nan,nan,nan,nan,nan,
96.000,119.182,nan,nan,18.000,0.000,98.400,nan,64.500,nan,
0.000,nan,nan,89.500,98.707,58.500,162.529,178.800,154.500,175.200,
119.667,0.000,167.143,2.000,34.500,266.000,153.300,147.938,146.634,153.094,
