0.337,0.333,nan,0.304,0.325,0.375,0.315,0.336,nan,0.219,
0.312,0.381,0.338,0.364,0.438,0.250,0.333,0.351,0.312,0.312,
0.387,nan,0.375,0.319,0.344,0.396,0.362,0.378,0.340,0.325,
0.325,0.336,0.375,nan,nan,0.375,0.356,0.345,0.317,0.350,
0.333,nan,nan,nan,nan,nan,0.318,0.329,0.336,0.341,
0.344,nan,nan,nan,nan,nan,nan,0.312,0.357,0.320,
nan,nan,nan,nan,nan,nan,nan,nan,nan,0.000,
nan,0.312,0.438,nan,nan,nan,0.453,0.312,0.281,0.312,
nan,0.375,nan,0.375,0.375,0.281,0.403,0.369,0.327,0.312,
0.234,nan,nan,nan,0.250,0.375,0.302,0.295,0.342,0.378,
