0.312,nan,nan,0.312,0.362,0.306,0.188,0.337,0.352,0.438,
0.312,nan,0.562,nan,0.375,0.371,0.375,0.381,0.342,nan,
0.306,0.271,0.378,0.312,0.353,0.359,0.388,0.335,0.271,0.297,
0.406,0.333,0.354,0.354,0.318,0.300,0.328,0.292,0.340,0.338,
0.312,0.500,0.250,0.327,0.281,nan,0.250,0.323,0.333,0.378,
0.438,0.320,0.330,0.438,0.500,0.396,0.396,0.321,0.328,0.350,
0.469,0.125,0.188,nan,0.188,0.367,0.338,0.279,0.311,0.323,
0.353,0.354,nan,nan,0.312,0.422,0.350,0.348,0.312,0.316,
0.330,0.375,0.354,0.295,0.312,0.406,0.304,0.348,0.305,0.240,
0.299,0.475,0.312,0.391,0.325,0.324,0.309,0.375,0.316,0.357,
