0.333,0.250,nan,nan,nan,nan,nan,0.350,0.294,0.307,
0.325,0.348,0.350,0.375,nan,nan,0.344,0.333,0.322,0.300,
0.312,0.229,0.125,0.292,nan,0.338,0.325,0.335,0.339,0.329,
0.333,0.354,0.340,0.358,0.406,0.335,0.225,0.352,0.285,0.340,
0.308,0.281,0.438,0.312,0.335,0.286,0.362,0.326,0.310,0.318,
0.339,0.438,nan,nan,0.375,0.302,0.250,0.208,0.318,0.392,
nan,nan,nan,nan,nan,0.326,0.344,0.125,0.296,0.344,
nan,nan,nan,nan,0.062,0.304,0.337,0.347,0.269,0.316,
nan,nan,nan,nan,nan,0.188,0.263,0.422,0.299,nan,
nan,nan,nan,nan,nan,nan,0.295,0.288,0.312,0.375,
