0.295,0.353,0.339,0.300,0.391,0.286,0.383,0.396,0.302,0.438,
nan,0.375,0.361,nan,0.312,nan,0.335,0.349,0.369,0.375,
0.250,0.312,nan,0.188,0.361,0.344,nan,0.333,0.335,0.335,
nan,0.375,0.375,0.378,0.323,0.329,0.359,0.297,0.367,0.345,
0.321,0.304,0.281,0.328,0.316,0.359,0.325,nan,0.297,0.382,
0.321,0.321,0.350,nan,0.406,0.312,0.341,0.312,0.344,0.250,
0.271,0.259,0.359,0.562,0.250,nan,nan,nan,0.312,nan,
0.375,0.306,0.365,0.347,0.275,nan,nan,nan,nan,0.500,
0.344,0.375,0.219,0.344,0.362,0.323,0.352,0.250,0.188,0.281,
0.393,0.357,0.312,0.406,0.344,0.320,0.364,0.406,0.299,0.375,
