0.354,0.438,nan,nan,nan,nan,nan,0.400,0.369,0.346,
0.362,0.366,0.400,0.062,nan,nan,0.125,0.297,0.359,0.319,
0.348,0.319,0.562,0.271,nan,0.329,0.346,0.332,0.334,0.316,
0.292,0.358,0.321,0.330,0.344,0.318,0.331,0.297,0.312,0.326,
0.286,0.344,0.250,0.625,0.346,0.304,0.250,0.379,0.306,0.296,
0.393,0.250,nan,nan,0.375,0.306,0.250,0.333,0.305,0.324,
nan,nan,nan,nan,nan,0.250,0.375,0.281,0.362,0.281,
nan,nan,nan,nan,0.500,0.290,0.316,0.332,0.351,0.303,
nan,nan,nan,nan,nan,0.438,0.350,0.250,0.314,nan,
nan,nan,nan,nan,nan,nan,0.339,0.327,0.281,0.312,
