0.320,0.406,0.125,0.327,0.375,0.359,0.289,0.372,0.315,0.375,
0.469,0.361,0.344,nan,0.322,0.349,0.351,0.389,0.422,0.348,
0.312,0.332,0.266,0.375,0.328,0.304,0.325,0.312,0.348,0.300,
0.372,0.327,0.219,0.375,0.276,0.250,0.406,0.345,0.372,0.326,
0.312,0.396,nan,0.438,0.312,nan,0.331,0.368,0.357,0.352,
0.375,0.469,nan,nan,0.188,0.250,0.406,0.312,0.306,0.344,
0.335,0.406,nan,nan,nan,nan,nan,nan,nan,0.273,
0.308,0.281,0.312,nan,nan,nan,nan,nan,nan,0.329,
0.357,0.229,nan,0.271,0.338,0.375,0.281,0.229,0.340,0.350,
0.344,0.338,0.260,0.343,0.396,0.361,0.375,0.350,0.338,0.316,
