0.359,0.156,0.250,0.375,0.319,0.375,0.295,0.266,0.312,0.344,
0.354,0.290,0.325,0.312,0.348,0.364,0.347,0.325,nan,0.375,
0.322,0.284,0.367,0.391,0.312,0.297,0.323,0.342,0.312,0.329,
0.403,0.316,0.188,0.347,0.361,0.278,0.308,0.336,0.339,0.298,
0.375,0.500,nan,nan,0.275,0.438,0.304,0.353,0.375,0.338,
0.417,0.330,nan,nan,nan,nan,nan,0.219,0.375,0.242,
0.469,0.321,0.250,nan,nan,nan,nan,nan,0.250,0.219,
0.344,0.312,nan,nan,0.297,0.312,0.312,nan,0.312,0.325,
0.317,0.370,nan,0.398,0.344,0.278,0.312,0.328,0.359,0.344,
0.402,0.406,0.297,0.373,0.287,0.307,0.354,0.346,0.349,0.342,
