0.384,0.375,0.386,0.333,0.332,0.286,0.308,0.310,0.349,0.312,
0.469,nan,0.326,0.330,0.312,0.375,0.281,0.337,0.370,0.347,
0.297,nan,0.328,0.398,0.306,0.292,0.312,0.350,0.325,0.362,
nan,nan,0.304,0.369,0.359,0.354,0.322,0.357,nan,0.438,
0.341,nan,0.403,0.307,0.297,0.316,0.322,0.229,nan,0.375,
0.367,0.339,0.500,0.188,0.404,0.354,0.350,0.369,0.375,0.354,
0.259,nan,nan,0.312,0.403,0.310,0.263,nan,nan,nan,
0.347,0.188,0.375,0.438,0.312,0.370,nan,0.312,0.400,0.125,
0.365,0.305,0.312,0.359,0.300,0.344,nan,0.383,0.333,0.312,
0.344,0.295,0.344,0.302,0.326,0.375,0.531,0.338,0.359,0.219,
