0.312,0.346,0.344,0.375,0.438,0.375,0.425,0.369,0.317,0.328,
0.354,0.330,0.348,0.366,0.250,0.344,0.342,0.346,nan,0.250,
0.368,0.263,nan,0.422,0.250,0.300,0.312,0.327,0.325,0.316,
0.340,0.354,nan,nan,nan,0.356,0.336,0.349,0.334,0.331,
0.367,0.302,nan,nan,nan,nan,0.396,0.350,0.354,0.307,
0.271,nan,nan,nan,nan,nan,nan,0.281,0.375,0.312,
nan,0.156,nan,nan,nan,nan,0.375,0.500,0.299,0.188,
0.438,0.354,0.188,nan,nan,nan,0.278,0.562,0.312,0.500,
nan,nan,nan,nan,0.438,0.500,0.375,0.359,0.301,0.323,
0.417,0.250,nan,0.188,nan,0.375,0.453,0.330,0.331,0.323,
