0.312,0.387,nan,nan,nan,nan,nan,0.355,0.290,0.320,
0.313,0.331,0.210,nan,nan,0.258,0.328,0.345,0.308,0.327,
0.316,0.323,nan,nan,nan,0.292,0.331,0.324,0.320,0.353,
0.341,0.342,0.416,0.250,0.403,0.290,0.329,0.328,0.323,0.298,
0.319,0.452,0.258,0.323,0.325,0.355,0.194,0.329,0.324,0.326,
0.295,nan,nan,0.419,0.378,0.342,0.313,0.341,0.316,0.339,
0.355,nan,nan,nan,0.258,0.337,0.347,0.344,0.329,0.360,
0.347,nan,nan,nan,0.258,0.351,0.331,0.333,0.346,0.336,
nan,nan,nan,nan,nan,0.258,0.294,0.297,0.333,0.290,
nan,nan,nan,nan,nan,nan,0.312,0.344,0.316,0.332,
