nan,0.275,0.325,0.188,0.312,0.219,0.375,0.362,0.297,0.396,
0.375,0.306,0.369,0.312,nan,0.406,nan,0.360,0.214,0.331,
0.375,0.381,0.375,nan,0.259,0.429,0.354,0.317,0.365,0.425,
0.330,0.362,0.391,0.333,0.375,0.312,0.312,0.349,0.307,0.375,
0.325,0.300,0.281,0.365,0.375,0.344,0.406,0.385,0.365,0.320,
0.396,0.380,0.417,0.271,0.417,nan,0.312,0.328,0.295,nan,
0.367,0.342,0.299,0.381,nan,0.266,0.328,0.369,0.326,0.312,
0.275,0.375,0.266,0.156,0.250,0.328,0.375,0.333,0.356,0.337,
0.229,0.250,0.312,0.229,0.368,nan,0.321,0.345,0.330,0.309,
0.312,nan,nan,0.406,0.356,0.324,0.412,0.292,0.362,0.320,
