0.361,nan,nan,nan,nan,nan,0.355,0.316,0.349,0.341,
0.332,0.306,nan,nan,nan,0.258,0.337,0.315,0.323,0.319,
0.324,0.310,nan,nan,0.355,0.344,0.323,0.340,0.347,0.344,
0.237,0.351,0.359,0.338,0.348,nan,0.323,0.295,0.355,0.344,
0.298,nan,nan,0.306,0.302,0.319,0.339,0.335,0.338,0.356,
nan,nan,nan,nan,0.343,0.329,0.341,0.329,0.325,0.340,
nan,nan,nan,nan,0.327,0.302,0.319,0.359,0.334,0.353,
0.339,nan,nan,nan,nan,0.362,0.334,0.345,0.328,0.328,
0.161,nan,nan,nan,nan,0.284,0.321,0.306,0.273,0.310,
0.419,nan,nan,nan,nan,nan,nan,0.355,0.371,0.318,
