0.300,0.266,0.375,0.351,0.348,0.324,0.298,0.342,0.346,0.438,
0.344,0.327,0.281,nan,0.312,0.379,0.292,0.333,0.250,0.312,
0.324,0.329,0.469,0.438,0.330,0.304,0.344,0.306,0.286,0.421,
0.345,0.343,0.344,0.562,0.292,0.188,0.250,0.340,0.337,0.309,
0.333,0.354,nan,0.438,0.335,nan,0.340,0.264,0.339,0.359,
0.362,0.312,nan,nan,0.500,0.250,0.219,0.250,0.325,0.326,
0.348,0.281,nan,nan,nan,nan,nan,nan,nan,0.281,
0.337,0.359,0.375,nan,nan,nan,nan,nan,nan,0.329,
0.312,0.403,nan,0.333,0.250,0.312,0.391,0.323,0.375,0.338,
0.315,0.287,0.361,0.337,0.326,0.341,0.362,0.342,0.346,0.337,
