0.346,0.275,nan,0.332,0.352,0.332,0.406,0.316,0.368,0.412,
nan,0.297,0.292,0.406,0.344,0.359,0.323,0.331,0.062,0.250,
0.332,0.341,0.312,0.312,0.329,0.290,0.338,0.344,0.348,0.332,
0.350,0.328,0.219,nan,0.310,0.391,0.354,0.363,0.338,0.349,
0.323,0.438,nan,nan,0.344,0.312,0.280,0.328,0.370,0.411,
0.375,0.292,nan,nan,nan,nan,0.375,0.250,0.344,0.322,
0.420,nan,nan,nan,nan,nan,0.438,nan,0.250,0.338,
0.321,0.384,nan,nan,nan,nan,0.312,nan,0.438,0.375,
0.332,0.398,nan,0.375,0.208,0.188,0.391,0.297,0.438,0.335,
0.349,0.354,0.281,0.342,0.301,0.371,0.310,0.361,0.342,0.323,
