0.245,0.469,0.438,0.330,0.319,0.356,0.345,0.250,0.398,0.365,
0.354,0.341,0.356,0.250,0.312,0.335,0.330,0.369,nan,0.323,
0.387,0.328,0.320,0.289,0.420,0.391,0.357,0.348,0.312,0.359,
0.312,0.357,0.375,0.312,0.299,0.396,0.365,0.344,0.328,0.361,
0.281,0.188,nan,nan,0.438,0.344,0.330,0.348,0.312,0.375,
0.281,0.357,nan,nan,nan,nan,nan,0.469,0.292,0.375,
0.219,0.312,0.250,nan,nan,nan,nan,nan,0.250,0.375,
0.291,0.281,nan,nan,0.406,0.188,0.500,nan,0.375,0.350,
0.336,0.284,nan,0.234,0.312,0.364,0.321,0.273,0.297,0.302,
0.304,0.219,0.352,0.326,0.350,0.278,0.329,0.301,0.332,0.307,
