0.310,nan,nan,0.355,nan,0.302,0.287,0.315,0.325,0.327,
0.280,nan,0.323,0.323,0.323,0.378,0.341,0.349,0.333,0.335,
0.301,0.371,0.379,0.323,nan,0.364,nan,0.371,0.337,0.299,
0.284,0.306,0.340,0.339,0.339,0.355,nan,nan,0.306,0.334,
0.226,nan,0.387,0.290,0.345,0.409,0.387,0.419,0.323,0.367,
nan,nan,nan,0.323,0.355,0.306,0.335,0.294,0.351,0.355,
0.161,nan,nan,nan,0.334,0.361,0.344,0.336,0.347,0.357,
0.258,nan,nan,nan,0.387,0.313,0.333,0.324,0.337,0.325,
0.352,0.355,nan,nan,nan,0.330,0.340,0.341,0.308,0.306,
0.387,nan,nan,nan,nan,0.357,0.242,0.336,0.352,nan,
