nan,nan,0.375,nan,nan,0.375,0.305,0.281,0.270,0.338,
0.359,0.250,0.338,0.281,nan,nan,0.398,0.438,0.312,0.304,
0.375,0.333,0.304,0.562,0.250,0.344,0.323,0.368,0.346,nan,
0.361,0.323,nan,0.250,nan,0.000,nan,0.315,0.369,0.292,
0.302,0.338,0.331,0.312,0.281,nan,nan,0.306,0.295,0.383,
0.333,0.360,0.351,0.312,nan,0.188,nan,0.312,0.292,nan,
0.328,0.312,0.302,0.375,0.250,nan,0.325,0.346,0.294,0.358,
0.300,0.357,0.188,nan,0.240,0.312,nan,0.309,0.336,0.352,
0.281,0.383,0.370,nan,0.250,0.348,0.354,0.405,0.349,0.368,
0.365,nan,nan,nan,0.344,0.278,0.333,0.273,0.330,0.250,
