0.562,0.250,nan,0.375,0.331,0.312,0.330,0.250,0.352,0.312,
0.312,nan,nan,nan,nan,nan,0.562,0.422,0.316,0.340,
0.333,0.329,0.500,0.328,0.352,0.281,0.354,0.353,0.336,0.344,
0.326,0.368,0.375,0.379,0.323,0.304,0.323,0.352,0.333,0.352,
0.292,0.375,0.312,0.406,0.305,0.338,0.339,0.344,0.188,0.237,
0.340,0.425,0.323,nan,0.237,0.318,0.375,0.323,0.375,0.346,
0.393,0.354,0.319,0.625,nan,nan,nan,nan,nan,0.438,
0.320,nan,0.375,nan,0.250,0.297,0.375,nan,0.281,nan,
0.353,0.375,nan,nan,0.350,0.329,0.326,0.281,0.289,0.292,
0.281,0.188,0.250,0.417,0.294,0.364,0.348,0.319,0.344,0.333,
