0.000,0.000,nan,nan,316.000,nan,nan,nan,0.000,171.923,
nan,125.769,0.000,nan,nan,nan,nan,nan,66.000,168.000,
nan,0.000,nan,nan,nan,nan,nan,215.143,118.000,186.600,
120.250,64.714,nan,nan,nan,nan,150.300,96.000,202.941,7.000,
164.357,157.406,93.750,nan,336.000,0.000,98.400,137.919,113.900,0.000,
75.500,24.000,131.132,303.000,265.500,70.909,nan,105.900,79.909,96.857,
175.250,118.000,147.692,209.500,0.000,122.200,56.571,146.250,126.308,106.714,
102.000,110.229,72.176,0.000,42.000,152.077,182.040,116.727,125.400,117.577,
163.000,99.000,0.000,0.000,177.429,112.400,91.333,149.833,93.231,70.333,
232.800,162.000,0.000,165.000,140.000,82.125,nan,72.000,190.500,150.750,
