0.395,0.346,0.342,0.345,0.355,nan,0.355,nan,0.312,0.355,
0.326,0.331,0.356,0.326,0.250,0.274,0.334,0.355,0.346,0.296,
0.349,0.330,0.352,0.312,nan,0.387,0.341,0.336,0.516,0.452,
0.325,0.363,0.376,0.331,0.323,0.435,0.323,0.323,0.301,0.339,
0.323,0.341,nan,nan,0.323,0.330,0.395,0.323,0.321,0.323,
0.258,0.323,nan,nan,0.355,0.350,0.290,nan,0.274,0.419,
0.290,nan,nan,nan,nan,0.323,0.369,0.290,0.319,0.371,
0.323,0.355,nan,nan,nan,0.345,0.339,0.258,0.361,0.290,
0.333,0.335,0.452,0.452,nan,nan,0.323,0.414,0.353,0.353,
nan,0.366,0.335,0.294,nan,nan,0.270,0.361,nan,0.323,
