0.292,0.333,0.338,0.302,0.281,0.384,0.375,0.271,0.365,0.333,
0.327,0.322,0.351,0.342,0.399,0.336,0.329,0.355,0.125,0.330,
0.362,0.348,0.327,0.306,0.354,0.344,nan,0.188,0.332,0.338,
0.344,0.319,0.380,0.339,0.281,0.438,nan,0.312,0.331,0.326,
nan,0.312,0.312,0.271,0.338,0.281,0.188,nan,0.406,0.338,
nan,nan,nan,nan,nan,nan,nan,nan,0.406,0.364,
0.380,nan,nan,nan,nan,nan,0.156,nan,nan,0.438,
0.362,nan,nan,nan,nan,nan,0.357,0.234,0.438,0.208,
0.333,0.388,0.362,0.268,0.312,nan,0.286,0.273,0.356,0.329,
0.312,0.319,0.322,0.312,0.320,nan,0.188,nan,0.438,nan,
