nan,nan,nan,nan,nan,0.188,0.365,0.396,0.294,0.290,
0.315,0.406,nan,nan,nan,0.325,0.334,0.342,0.344,0.318,
0.310,0.301,0.344,nan,nan,0.339,0.335,0.324,0.373,0.308,
0.347,0.307,0.375,nan,nan,0.281,0.354,0.319,0.356,0.372,
0.357,0.438,nan,nan,nan,nan,0.375,0.300,0.329,0.335,
0.326,0.316,nan,nan,nan,nan,0.333,0.319,0.318,0.369,
0.295,0.333,0.312,nan,nan,nan,0.250,0.318,0.317,0.287,
0.348,0.250,0.188,nan,nan,0.354,0.372,0.317,0.321,0.319,
0.266,0.367,0.250,nan,nan,0.312,0.323,0.297,0.309,0.250,
nan,0.438,nan,nan,0.125,0.292,0.318,0.385,0.268,0.500,
