0.316,0.281,0.292,0.375,0.312,0.388,0.296,0.350,0.352,0.328,
0.259,0.312,0.312,0.312,0.365,0.361,0.328,0.341,0.391,0.375,
0.347,0.346,0.346,0.300,0.375,0.350,0.450,0.300,0.350,0.349,
0.325,0.375,0.324,0.438,0.344,0.375,0.338,0.319,0.333,0.302,
0.250,0.281,0.312,nan,0.469,0.312,0.326,0.381,0.334,0.331,
0.338,nan,nan,nan,nan,nan,nan,0.344,0.438,0.309,
0.250,0.312,nan,nan,nan,nan,0.188,nan,nan,0.297,
0.365,0.320,0.125,nan,nan,0.312,0.330,nan,nan,nan,
nan,nan,nan,nan,nan,0.469,0.303,0.312,nan,nan,
0.500,nan,0.375,0.299,0.281,nan,0.406,nan,0.438,nan,
