0.324,0.341,nan,nan,0.329,0.323,0.372,0.376,0.358,0.331,
0.339,0.351,0.336,0.312,0.351,0.331,0.336,0.349,0.368,0.358,
0.368,0.332,0.347,0.297,0.312,0.341,0.328,0.335,0.320,0.322,
0.340,0.317,0.355,0.323,0.284,0.306,0.323,0.343,0.337,0.336,
0.303,0.361,0.301,0.226,0.315,0.371,0.340,0.312,0.351,0.335,
0.347,0.419,nan,nan,nan,nan,0.548,nan,nan,0.372,
0.516,nan,nan,nan,nan,nan,0.387,nan,nan,0.342,
0.348,nan,nan,nan,nan,0.355,0.362,0.341,nan,0.258,
0.452,nan,nan,nan,nan,nan,0.378,nan,nan,nan,
0.204,0.355,nan,0.226,0.371,0.247,0.328,nan,nan,0.290,
