nan,nan,nan,nan,127.333,294.000,nan,nan,227.000,76.200,
nan,133.385,nan,nan,nan,nan,nan,0.000,0.000,143.000,
nan,nan,nan,nan,nan,nan,0.000,243.000,120.000,225.375,
114.000,99.000,nan,nan,nan,nan,79.000,158.182,140.757,246.000,
116.600,146.114,64.500,0.000,228.000,0.000,138.000,105.100,124.250,10.500,
21.000,55.800,128.684,210.000,100.600,71.455,nan,126.000,114.000,189.500,
141.414,71.143,103.714,97.071,235.000,169.875,90.000,123.300,115.500,93.333,
89.077,145.125,125.667,nan,nan,78.000,202.929,148.385,145.982,92.550,
93.300,257.250,nan,0.000,129.000,177.900,118.875,110.870,164.667,0.000,
160.125,0.000,nan,203.667,89.294,190.800,0.000,147.000,183.000,100.950,
