0.296,nan,nan,nan,nan,0.375,0.297,0.318,0.333,0.286,
0.325,0.281,nan,nan,nan,0.125,0.294,0.366,0.348,0.327,
0.302,0.352,nan,nan,nan,nan,0.531,0.321,0.290,0.286,
0.369,0.375,nan,nan,nan,nan,0.297,0.378,0.333,0.341,
0.289,0.562,nan,nan,0.312,0.417,0.306,0.349,0.344,0.324,
0.335,0.366,0.344,nan,0.312,0.219,0.236,0.354,0.333,0.308,
0.396,0.322,0.286,0.375,nan,0.312,0.365,0.338,0.371,0.295,
0.298,0.344,0.125,nan,nan,0.368,0.346,0.330,0.312,0.406,
0.344,0.359,0.188,nan,0.312,0.329,0.365,0.312,0.343,0.219,
0.250,0.271,nan,nan,0.438,0.347,0.333,0.281,0.396,0.328,
