0.345,0.455,0.365,nan,nan,0.319,0.375,0.365,0.289,0.250,
0.348,0.302,0.309,0.352,nan,0.521,0.329,0.361,0.375,0.340,
0.277,0.335,0.396,nan,nan,0.361,0.316,0.438,nan,0.321,
0.312,0.356,0.250,nan,0.125,0.323,0.335,0.361,0.062,0.250,
0.375,0.312,nan,nan,0.375,0.357,0.337,0.341,0.306,0.316,
0.375,nan,nan,nan,nan,0.302,0.339,0.403,0.339,0.359,
0.326,0.375,nan,nan,nan,nan,0.286,0.286,0.336,0.281,
0.342,0.396,nan,nan,nan,0.312,0.369,0.328,0.311,0.321,
0.344,0.425,0.250,nan,0.438,0.336,0.368,0.312,0.219,0.362,
0.330,0.338,0.344,nan,0.325,0.322,0.329,0.250,0.375,0.375,
