0.403,nan,nan,nan,nan,0.419,0.339,0.323,0.326,0.336,
nan,nan,nan,nan,nan,nan,0.290,0.294,0.337,0.324,
0.303,0.347,nan,nan,nan,nan,nan,0.306,0.316,0.332,
0.359,0.344,nan,nan,nan,nan,0.387,0.323,0.341,0.358,
0.312,nan,nan,nan,0.290,0.452,0.363,0.258,0.352,0.320,
0.258,nan,nan,0.484,0.339,nan,0.274,0.290,0.329,0.339,
nan,nan,nan,0.343,0.349,0.258,0.306,0.315,0.374,0.290,
nan,0.339,0.331,0.351,0.290,0.323,0.365,0.357,0.347,0.258,
0.350,0.382,0.320,0.326,0.274,0.321,0.337,0.318,0.347,0.355,
0.332,0.341,nan,0.355,nan,0.371,0.355,0.345,0.337,0.350,
