0.328,0.219,nan,nan,nan,0.292,0.325,0.366,0.312,0.306,
0.329,0.354,nan,nan,nan,0.344,0.325,0.345,0.323,0.310,
0.266,0.281,0.312,nan,nan,nan,0.312,0.319,0.310,0.320,
0.365,0.375,nan,nan,nan,nan,0.347,0.303,0.326,0.312,
0.346,nan,nan,nan,nan,0.295,0.325,0.319,0.315,0.342,
0.338,0.344,0.312,nan,nan,0.375,0.375,0.333,0.286,0.352,
0.320,0.328,0.278,0.250,nan,nan,0.333,0.348,0.375,0.365,
0.337,0.396,nan,nan,0.125,0.281,0.354,0.263,0.349,0.292,
0.302,0.358,0.250,nan,0.396,0.341,0.348,0.312,0.346,0.338,
0.344,0.312,nan,nan,0.344,0.339,0.299,0.266,0.412,0.289,
