0.289,0.315,0.333,0.324,0.250,nan,0.281,0.469,nan,0.375,
0.250,0.331,0.316,0.331,0.302,0.312,0.344,0.271,0.338,0.321,
0.365,0.332,0.362,0.297,nan,nan,0.354,0.293,0.500,0.188,
0.294,0.312,0.289,nan,nan,nan,0.300,0.375,0.406,0.325,
0.325,0.250,nan,nan,0.438,0.333,0.312,0.347,0.293,0.312,
0.319,0.312,nan,nan,0.562,0.366,0.305,nan,0.375,0.344,
0.375,nan,nan,nan,nan,0.406,0.344,0.188,0.322,0.301,
0.246,0.229,0.375,nan,0.312,0.331,0.375,0.333,0.364,0.300,
0.312,0.316,0.250,nan,nan,nan,0.330,0.312,0.361,0.319,
0.344,0.312,0.312,0.438,nan,nan,0.403,0.362,0.438,0.312,
