0.370,0.349,0.354,0.327,0.339,nan,0.355,0.242,nan,0.344,
0.343,0.335,0.341,0.341,0.360,0.484,0.274,0.366,0.335,0.353,
0.377,0.334,0.323,0.328,nan,nan,0.366,0.321,0.274,0.323,
0.323,0.300,0.415,nan,nan,nan,0.361,0.323,0.323,0.329,
0.297,0.516,nan,nan,0.323,0.290,0.370,0.349,0.355,0.269,
0.287,0.371,nan,nan,0.290,0.304,0.278,nan,0.258,0.266,
0.290,nan,nan,nan,nan,0.242,0.352,0.371,0.362,0.361,
0.383,0.301,0.290,nan,0.355,0.329,0.319,0.366,0.337,0.383,
0.355,0.343,0.323,nan,nan,nan,0.318,0.368,0.348,0.344,
0.323,0.323,0.452,0.194,nan,nan,0.326,0.306,0.247,0.419,
