0.281,nan,nan,nan,nan,0.500,0.375,0.406,0.344,0.344,
nan,nan,nan,nan,nan,nan,0.208,0.352,0.290,0.327,
0.333,0.328,nan,nan,nan,nan,nan,0.292,0.361,0.292,
0.354,0.458,nan,nan,nan,nan,0.188,0.422,0.285,0.335,
0.375,nan,nan,nan,0.375,0.188,0.367,0.312,0.359,0.364,
0.250,nan,nan,0.219,0.335,nan,0.297,0.357,0.328,0.271,
nan,nan,nan,0.367,0.375,0.375,0.344,0.333,0.332,0.422,
nan,0.406,0.339,0.414,0.438,0.350,0.341,0.310,0.348,0.375,
0.337,0.284,0.375,0.354,0.406,0.387,0.345,0.341,0.318,0.406,
0.348,0.328,nan,0.396,nan,0.281,0.295,0.331,0.355,0.328,
