0.281,0.344,0.438,nan,0.312,0.364,0.302,0.438,0.340,0.338,
0.323,0.312,0.312,0.406,0.318,0.371,0.342,0.339,0.375,0.362,
0.375,0.312,0.312,0.359,0.354,0.304,0.333,0.315,0.344,0.345,
0.335,nan,0.333,0.278,0.281,0.271,0.391,0.328,0.369,0.362,
0.288,0.333,nan,0.458,0.330,0.351,0.326,0.353,0.263,0.361,
0.312,nan,nan,0.312,0.336,0.365,0.417,0.281,nan,nan,
0.344,0.312,nan,nan,nan,nan,0.250,nan,nan,nan,
0.326,0.250,0.339,0.188,0.344,0.332,0.370,0.375,0.356,0.406,
0.438,nan,nan,nan,nan,0.281,0.386,nan,0.250,0.188,
0.375,0.388,nan,nan,nan,0.384,0.344,nan,0.294,0.271,
