0.326,0.328,0.363,0.327,0.375,nan,0.422,0.458,0.301,0.344,
0.354,0.340,0.312,0.295,0.398,0.304,0.359,0.288,0.371,0.345,
0.356,0.347,0.331,0.392,0.375,0.360,0.357,0.281,0.310,0.291,
0.375,0.354,0.304,0.341,0.411,0.304,0.188,0.292,0.312,0.320,
nan,nan,0.375,0.438,0.188,0.281,0.312,0.188,nan,0.344,
0.281,nan,nan,nan,nan,nan,nan,0.312,0.366,0.330,
0.188,nan,nan,nan,nan,nan,nan,nan,0.281,0.312,
0.361,0.250,nan,0.250,nan,0.438,0.333,0.188,nan,0.250,
0.344,0.438,0.375,0.375,0.438,0.406,0.352,0.383,0.302,0.333,
0.250,0.337,0.322,0.365,0.325,0.438,nan,0.375,0.438,0.521,
