0.320,nan,nan,nan,nan,0.188,0.400,0.323,0.349,0.335,
0.351,0.312,0.250,nan,nan,nan,0.381,0.362,0.348,0.338,
0.287,0.368,0.375,nan,nan,nan,nan,0.391,0.379,0.329,
0.312,0.297,nan,nan,nan,0.375,0.321,0.344,0.341,0.295,
0.298,nan,nan,nan,nan,0.438,0.304,0.312,0.320,0.343,
0.342,0.329,nan,nan,0.375,0.281,0.340,0.267,0.281,0.342,
0.375,0.339,0.240,nan,nan,0.479,0.367,0.380,0.292,0.349,
0.302,nan,nan,nan,0.188,0.365,0.339,0.256,0.307,0.359,
0.312,0.297,0.438,nan,0.312,0.320,0.356,0.275,0.301,nan,
nan,nan,nan,nan,nan,0.339,0.343,0.384,0.375,0.281,
