0.369,0.325,0.342,0.375,0.295,0.359,0.371,nan,0.331,0.361,
0.385,nan,0.348,0.312,0.348,0.330,0.331,0.335,0.479,0.302,
0.337,0.365,0.294,0.312,0.359,0.292,0.318,0.328,0.320,0.301,
0.375,0.312,0.396,0.260,0.312,0.344,0.335,0.349,0.366,0.327,
0.319,0.271,nan,nan,0.350,0.330,0.366,0.332,0.321,0.373,
nan,nan,nan,nan,0.438,0.347,0.319,0.365,nan,0.250,
0.347,0.293,0.250,nan,nan,nan,nan,0.375,0.333,0.188,
0.363,0.422,0.250,nan,nan,0.268,0.324,0.391,0.318,0.375,
0.333,0.208,0.354,nan,nan,nan,0.310,0.188,0.354,nan,
0.339,0.281,0.400,0.375,0.375,0.347,0.312,nan,0.414,0.356,
