nan,nan,nan,nan,nan,nan,0.338,0.312,0.339,0.323,
0.438,nan,nan,nan,nan,nan,0.332,0.297,0.297,0.355,
0.340,nan,nan,nan,nan,nan,0.438,0.257,0.329,0.330,
0.354,0.125,nan,0.396,0.375,nan,0.438,0.406,0.354,0.338,
0.261,0.381,0.312,0.359,0.330,0.306,0.365,0.331,0.320,0.326,
0.352,0.344,nan,0.438,0.316,0.333,0.330,0.334,0.281,0.336,
0.328,0.417,nan,0.338,0.358,0.188,0.279,0.271,0.219,0.438,
0.297,0.369,0.306,0.350,0.312,0.353,0.333,0.339,0.341,0.361,
0.312,0.365,0.325,0.340,nan,0.250,0.318,0.312,0.336,0.281,
0.353,0.375,0.375,0.297,0.352,0.396,0.346,0.310,0.335,0.317,
