0.325,0.306,0.250,0.562,0.292,0.406,0.323,0.425,0.373,0.342,
0.411,0.282,0.335,nan,0.323,0.336,0.316,0.316,0.349,0.321,
0.359,0.342,0.304,0.312,0.250,0.370,0.338,0.320,0.325,0.332,
0.355,0.359,0.342,0.312,0.352,0.250,0.250,0.438,0.375,0.312,
0.344,0.281,0.625,0.438,0.264,0.312,0.389,0.338,0.315,0.332,
0.297,0.125,nan,nan,0.375,nan,nan,nan,0.188,0.274,
0.312,0.438,nan,nan,nan,nan,nan,nan,nan,0.339,
0.338,0.231,0.469,nan,nan,nan,0.319,0.125,nan,0.438,
nan,nan,nan,nan,nan,0.391,0.394,0.312,nan,nan,
0.344,0.500,nan,0.422,0.325,nan,0.312,nan,0.438,nan,
