101.182,0.000,nan,nan,nan,117.000,167.500,149.500,118.800,76.286,
176.000,0.000,nan,nan,nan,155.100,185.600,145.600,117.375,155.400,
132.182,141.000,nan,nan,nan,0.000,139.500,304.500,114.938,132.750,
83.486,144.000,nan,nan,nan,nan,234.000,186.000,152.368,145.963,
119.667,210.000,nan,nan,nan,nan,nan,240.750,13.200,146.308,
117.321,264.429,nan,nan,nan,148.615,170.571,0.000,85.000,174.913,
125.760,292.000,nan,0.000,242.000,125.045,82.500,nan,136.250,186.667,
166.286,0.000,nan,nan,nan,110.700,72.789,147.840,155.727,121.364,
132.000,74.182,0.000,nan,nan,0.000,102.375,135.675,183.000,107.318,
168.429,nan,nan,nan,nan,90.857,99.818,149.471,99.562,123.500,
