nan,nan,nan,nan,nan,nan,0.284,0.323,0.335,0.310,
0.387,nan,nan,nan,nan,nan,0.336,0.298,0.319,0.359,
0.326,nan,nan,nan,nan,nan,0.426,0.315,0.329,0.347,
0.301,0.226,nan,0.366,0.290,nan,0.355,0.371,0.373,0.335,
0.300,0.348,0.331,0.363,0.309,0.341,0.358,0.315,0.319,0.323,
0.355,0.371,nan,0.355,0.324,0.355,0.336,0.352,0.306,0.355,
0.298,0.376,nan,0.329,0.370,0.161,0.310,0.258,0.242,0.323,
0.290,0.345,0.339,0.335,0.323,0.334,0.319,0.344,0.332,0.369,
0.323,0.387,0.305,0.333,nan,0.315,0.331,0.344,0.331,0.258,
0.323,0.323,0.363,0.347,0.306,0.382,0.313,0.327,0.337,0.343,
