0.346,0.258,nan,0.258,nan,nan,nan,0.323,0.328,0.355,
0.419,nan,nan,nan,nan,0.323,0.333,0.342,0.322,0.314,
0.329,nan,nan,nan,nan,nan,nan,0.375,0.316,0.327,
0.379,0.355,0.419,nan,nan,nan,0.323,0.323,0.323,0.350,
0.258,nan,0.258,0.452,0.258,0.282,0.318,0.332,0.323,0.334,
0.258,nan,0.226,nan,0.349,0.342,0.430,0.298,0.325,nan,
0.355,0.387,0.355,0.226,0.394,0.247,0.290,0.312,0.339,0.331,
0.242,0.290,0.366,0.312,0.360,0.346,0.332,0.331,0.346,0.355,
0.323,0.336,0.313,0.319,0.355,0.352,0.324,0.310,0.295,0.290,
0.342,0.335,0.355,0.355,nan,nan,0.331,0.336,0.317,0.317,
