243.000,nan,nan,nan,nan,nan,0.000,58.875,130.304,186.167,
57.000,nan,nan,nan,nan,nan,105.545,64.500,137.654,123.057,
170.700,0.000,nan,nan,nan,nan,49.000,135.150,156.395,151.227,
126.545,nan,nan,72.000,0.000,nan,0.000,49.500,137.100,141.429,
0.000,34.500,77.250,nan,64.636,120.500,152.727,111.875,219.000,171.000,
nan,0.000,nan,0.000,137.556,0.000,118.200,101.571,157.000,77.000,
148.200,30.000,nan,87.600,92.250,198.000,131.455,191.000,nan,115.333,
51.000,135.273,105.750,147.600,105.000,124.895,132.000,161.531,158.455,39.000,
148.000,183.000,118.050,155.400,nan,73.200,142.479,112.200,147.600,0.000,
185.932,111.000,164.250,192.000,0.000,15.000,240.375,196.167,137.919,147.686,
