0.350,0.375,nan,0.562,0.391,0.326,0.312,0.312,0.304,0.347,
nan,nan,nan,nan,nan,0.500,nan,0.362,nan,0.336,
0.375,nan,nan,nan,nan,nan,0.349,0.368,0.382,0.329,
nan,0.388,nan,nan,nan,0.344,0.321,0.326,0.286,0.250,
0.348,0.350,0.323,0.458,0.312,nan,0.341,0.341,0.368,0.301,
0.286,0.312,0.328,0.350,0.318,0.312,0.312,0.339,0.339,0.385,
0.295,0.352,0.287,0.340,nan,0.375,0.320,0.375,0.278,0.365,
0.281,0.273,0.400,nan,0.292,0.316,0.319,0.301,0.345,0.306,
0.347,0.337,0.406,0.356,0.398,0.321,0.360,nan,0.344,0.531,
0.365,0.375,0.324,0.237,0.352,0.354,nan,0.271,0.335,0.420,
