0.373,0.310,0.334,0.321,0.422,0.312,0.312,0.208,0.338,0.352,
0.334,0.336,0.323,0.348,0.469,0.349,0.301,0.369,0.359,0.326,
0.387,0.314,0.345,0.302,nan,0.320,0.344,0.438,0.297,0.300,
0.312,0.469,0.469,0.292,0.344,0.229,nan,0.328,0.312,0.359,
0.344,0.375,nan,nan,nan,0.361,0.438,0.438,0.281,0.297,
nan,nan,nan,nan,nan,0.297,0.312,0.188,0.347,0.391,
nan,nan,nan,nan,nan,0.438,0.325,nan,nan,0.375,
0.406,nan,nan,nan,0.188,0.393,0.292,0.219,0.438,nan,
nan,0.312,0.312,0.250,0.312,0.417,0.375,0.366,0.500,0.293,
0.391,0.367,0.368,0.300,0.312,nan,0.417,0.344,0.250,0.312,
