0.350,0.188,nan,0.250,0.297,0.344,0.438,0.375,0.357,0.331,
nan,nan,nan,nan,nan,0.312,nan,0.388,nan,0.297,
0.156,nan,nan,nan,nan,nan,0.323,0.295,0.285,0.317,
nan,0.317,nan,nan,nan,0.469,0.350,0.326,0.317,0.375,
0.318,0.335,0.286,0.229,0.328,nan,0.346,0.307,0.316,0.358,
0.366,0.312,0.306,0.308,0.323,0.500,0.125,0.349,0.365,0.302,
0.364,0.305,0.383,0.292,nan,0.219,0.335,0.312,0.333,0.295,
0.411,0.381,0.287,nan,0.312,0.340,0.331,0.301,0.307,0.362,
0.382,0.329,0.281,0.341,0.297,0.321,0.310,nan,0.293,0.125,
0.312,0.271,0.312,0.375,0.341,0.276,nan,0.354,0.332,0.268,
