nan,nan,nan,nan,nan,0.438,0.333,0.324,0.340,0.333,
nan,nan,nan,nan,nan,0.312,0.337,0.354,0.375,0.341,
0.250,nan,nan,nan,nan,0.125,0.336,0.319,0.312,0.323,
0.361,0.312,nan,nan,nan,nan,nan,0.375,0.326,0.352,
0.321,0.336,0.302,nan,nan,nan,nan,0.365,0.362,0.361,
0.358,0.316,0.312,nan,nan,0.312,0.312,0.188,0.402,0.367,
0.402,0.301,0.273,nan,0.250,0.324,0.362,0.323,0.325,0.352,
0.319,0.312,0.438,nan,nan,0.344,0.339,0.364,0.352,0.332,
0.259,nan,nan,nan,nan,0.188,0.348,0.344,0.287,0.375,
nan,nan,nan,nan,nan,0.312,0.367,0.324,0.322,0.438,
