98.727,nan,0.000,nan,203.400,110.250,177.600,82.125,157.778,116.875,
141.000,nan,nan,nan,0.000,nan,84.750,116.500,179.143,106.000,
0.000,nan,nan,nan,nan,nan,3.000,111.273,129.107,148.537,
66.750,96.545,nan,nan,0.000,291.000,86.000,108.143,111.000,171.818,
132.857,83.379,0.000,168.000,149.053,nan,126.429,161.769,56.143,125.100,
250.500,nan,77.647,121.200,231.000,0.000,191.000,82.800,21.000,79.500,
94.636,73.500,79.500,121.500,480.000,117.000,280.500,34.500,151.500,228.600,
155.727,93.000,121.667,0.000,0.000,116.571,109.543,150.429,282.000,139.500,
90.000,159.316,122.538,158.368,98.500,126.625,118.607,85.000,103.304,117.500,
112.000,108.000,143.077,126.000,90.500,125.786,92.000,177.000,142.868,151.364,
