0.336,0.349,0.375,nan,0.375,0.361,0.320,0.344,0.305,0.357,
0.292,0.250,0.250,0.344,0.312,0.348,0.346,0.396,0.391,0.338,
0.325,0.406,0.383,0.250,nan,0.375,0.375,0.323,0.311,0.322,
0.281,0.350,0.346,0.362,0.438,0.338,0.354,0.341,0.339,0.334,
0.339,nan,nan,nan,nan,0.368,0.326,0.366,0.370,0.319,
0.388,nan,nan,nan,nan,nan,0.299,0.375,0.375,0.297,
0.348,0.375,nan,nan,nan,0.438,0.375,nan,0.125,0.359,
0.375,nan,nan,nan,nan,0.312,0.312,0.302,nan,0.234,
nan,0.292,nan,nan,nan,0.417,0.312,0.125,nan,0.438,
0.212,0.348,nan,nan,0.312,0.375,nan,nan,0.438,0.354,
