127.792,120.938,nan,nan,155.400,145.000,143.800,114.000,132.158,142.500,
136.588,99.310,193.500,0.000,182.500,140.375,162.115,76.800,126.400,101.538,
130.286,128.690,133.688,285.600,354.000,196.000,116.250,113.438,139.277,130.500,
138.438,165.000,144.316,0.000,161.077,165.000,nan,184.714,188.586,173.595,
75.750,279.857,0.000,nan,138.750,90.000,223.750,120.750,127.688,187.174,
142.846,0.000,nan,nan,nan,nan,nan,nan,42.000,98.400,
0.000,0.000,nan,nan,nan,nan,nan,nan,nan,181.091,
255.000,8.000,nan,nan,nan,0.000,178.500,158.000,nan,0.000,
nan,nan,nan,0.000,0.000,42.000,124.200,0.000,nan,nan,
55.579,0.000,nan,121.200,103.200,nan,162.500,0.000,0.000,94.200,
