0.312,nan,nan,nan,nan,0.344,0.293,0.385,0.325,0.312,
0.333,0.438,nan,nan,nan,0.312,0.323,0.327,0.368,0.352,
0.302,0.422,nan,nan,0.250,0.357,0.358,0.346,0.323,0.332,
0.363,0.354,nan,nan,nan,0.562,0.300,0.324,0.365,0.308,
0.422,0.375,nan,nan,nan,nan,nan,0.406,0.347,0.325,
0.362,0.350,nan,nan,nan,0.188,nan,0.344,0.296,0.356,
0.336,0.375,0.312,nan,nan,nan,0.312,0.318,0.292,0.336,
0.375,0.309,0.250,nan,nan,0.297,0.312,0.351,0.338,0.366,
0.352,0.375,nan,nan,nan,0.308,0.365,0.327,0.333,0.285,
nan,nan,nan,nan,nan,0.277,0.315,0.362,0.328,0.312,
