0.354,nan,nan,nan,nan,0.271,0.398,0.375,0.333,0.348,
0.330,0.367,nan,nan,nan,0.562,0.375,0.321,0.335,0.337,
0.351,0.277,nan,nan,nan,nan,0.375,0.348,0.335,0.344,
0.281,0.375,nan,nan,nan,nan,0.352,0.281,0.329,0.341,
0.340,0.250,nan,nan,0.312,0.375,0.354,0.375,0.309,0.354,
0.327,0.205,0.344,nan,0.438,0.375,0.431,0.299,0.323,0.369,
0.285,0.327,0.307,0.375,nan,0.438,0.302,0.371,0.312,0.353,
0.341,0.438,0.500,nan,nan,0.299,0.331,0.335,0.339,0.281,
0.383,0.289,0.562,nan,0.324,0.350,0.312,0.275,0.330,0.406,
0.438,0.312,nan,nan,0.375,0.335,0.329,0.469,0.260,0.391,
