0.358,0.292,nan,nan,0.400,0.286,0.345,0.333,0.368,0.315,
0.347,0.276,0.339,0.333,0.266,0.338,0.327,0.302,0.312,0.359,
0.334,0.327,0.317,0.294,0.302,0.340,0.326,0.312,0.345,0.351,
0.349,0.329,0.320,0.375,0.362,0.375,0.438,0.317,0.333,0.336,
0.312,0.279,0.458,0.312,0.344,0.312,0.323,0.333,0.266,0.340,
0.271,0.250,nan,nan,nan,nan,0.125,nan,nan,0.364,
0.188,nan,nan,nan,nan,nan,0.250,nan,nan,0.288,
0.326,nan,nan,nan,nan,0.250,0.303,0.348,nan,0.438,
0.312,nan,nan,nan,nan,nan,0.295,nan,nan,nan,
0.458,0.312,nan,0.438,0.312,0.354,0.322,nan,nan,0.562,
