208.000,nan,nan,nan,nan,174.000,138.000,159.000,128.000,147.643,
137.914,159.375,nan,nan,nan,0.000,170.700,131.455,99.273,144.792,
134.000,122.062,nan,nan,nan,nan,132.000,173.143,177.882,108.750,
147.600,66.000,nan,nan,nan,nan,163.500,111.136,121.800,181.091,
115.688,0.000,nan,nan,0.000,213.000,91.000,174.250,137.062,97.778,
126.882,164.571,86.250,nan,105.000,45.000,206.667,143.000,128.833,152.690,
118.333,123.923,124.250,0.000,nan,0.000,118.000,83.200,107.357,196.929,
140.077,108.000,0.000,nan,nan,56.333,92.250,122.455,140.538,129.000,
103.500,212.625,0.000,nan,104.812,65.400,105.167,120.000,103.200,204.000,
0.000,44.000,nan,nan,0.000,134.091,122.654,0.000,139.000,276.750,
