0.365,nan,nan,nan,nan,0.344,0.309,0.359,0.365,0.275,
0.328,nan,nan,nan,nan,0.362,0.312,0.340,0.355,0.312,
0.323,0.281,nan,nan,nan,0.312,0.339,0.281,0.292,0.317,
0.284,0.438,nan,nan,nan,nan,0.375,0.371,0.343,0.343,
0.366,0.287,nan,nan,nan,0.500,0.406,0.318,0.396,0.331,
0.328,0.326,nan,nan,0.250,0.341,0.375,0.281,0.300,0.309,
0.286,0.360,nan,nan,0.391,0.353,nan,nan,0.337,0.382,
0.271,0.250,nan,nan,nan,0.319,0.336,0.307,0.310,0.310,
0.384,0.438,nan,nan,nan,0.438,0.365,0.287,0.365,0.380,
0.308,nan,nan,nan,nan,0.281,0.325,0.334,0.263,0.329,
