0.425,0.375,nan,0.125,0.328,0.319,0.438,0.250,0.353,0.323,
nan,nan,nan,nan,nan,0.250,nan,0.388,nan,0.328,
0.344,nan,nan,nan,nan,nan,0.370,0.302,0.285,0.354,
nan,0.348,nan,nan,nan,0.344,0.287,0.328,0.304,0.354,
0.345,0.329,0.333,0.333,0.391,nan,0.337,0.364,0.368,0.301,
0.268,0.328,0.359,0.331,0.375,0.125,0.312,0.260,0.339,0.354,
0.324,0.367,0.342,0.299,nan,0.266,0.346,0.375,0.319,0.302,
0.330,0.307,0.400,nan,0.292,0.359,0.342,0.393,0.330,0.325,
0.340,0.327,0.375,0.322,0.312,0.464,0.375,nan,0.301,0.406,
0.312,0.354,0.301,0.338,0.312,0.328,nan,0.417,0.324,0.295,
