0.307,0.402,0.344,nan,nan,0.419,0.438,0.323,0.289,0.319,
0.339,0.328,0.355,0.305,nan,0.354,0.318,0.356,0.219,0.351,
0.304,0.342,0.396,nan,nan,0.326,0.305,0.333,nan,0.371,
0.396,0.351,0.562,nan,0.500,0.354,0.324,0.327,0.562,0.188,
0.296,0.312,nan,nan,0.188,0.371,0.300,0.341,0.300,0.299,
0.347,nan,nan,nan,nan,0.312,0.271,0.333,0.384,0.312,
0.326,0.312,nan,nan,nan,nan,0.348,0.365,0.375,0.292,
0.319,0.312,nan,nan,nan,0.208,0.322,0.333,0.335,0.360,
0.312,0.312,0.188,nan,0.292,0.289,0.371,0.338,0.219,0.350,
0.335,0.312,0.469,nan,0.300,0.327,0.318,0.250,0.312,0.438,
