0.316,0.390,0.375,0.375,0.299,0.341,0.353,0.368,0.344,0.333,
0.328,0.344,0.286,0.396,0.389,0.356,0.335,0.243,0.318,0.263,
0.339,0.338,0.369,0.375,0.340,0.312,0.348,0.348,0.314,0.345,
0.344,0.319,0.353,0.259,0.312,0.359,0.348,0.349,0.373,0.352,
0.286,0.375,nan,nan,nan,nan,0.303,0.398,0.368,0.316,
0.375,0.188,nan,nan,nan,nan,0.125,nan,0.312,0.347,
0.438,nan,nan,nan,nan,nan,0.406,nan,0.312,0.346,
0.328,nan,nan,nan,nan,0.375,0.341,0.312,nan,nan,
0.438,nan,nan,nan,nan,0.312,0.356,0.125,nan,0.219,
0.352,0.500,nan,nan,nan,0.273,0.338,nan,0.375,0.312,
