0.327,0.369,0.334,0.332,0.275,0.250,0.358,0.281,0.362,0.308,
0.348,0.323,0.362,0.361,0.375,0.323,0.312,0.324,0.438,0.357,
0.327,0.311,0.320,0.287,0.292,0.341,0.375,0.312,0.335,0.346,
0.225,0.348,0.330,0.362,0.417,0.275,nan,0.375,0.346,0.325,
nan,nan,nan,0.062,0.350,0.362,0.250,nan,0.281,0.344,
0.281,nan,nan,nan,nan,nan,nan,nan,0.312,0.306,
0.350,nan,nan,nan,nan,nan,nan,nan,0.350,0.250,
0.308,nan,nan,0.312,nan,nan,0.354,0.328,0.312,0.263,
0.354,0.312,0.302,0.326,0.167,nan,0.333,0.319,0.348,0.333,
0.328,0.286,0.337,0.304,0.306,nan,0.375,0.312,nan,0.250,
