nan,nan,nan,nan,nan,0.125,0.305,0.304,0.354,0.312,
0.357,nan,nan,nan,nan,0.104,0.332,0.324,0.343,0.359,
0.361,0.396,nan,nan,nan,0.365,0.278,0.306,0.361,0.316,
0.368,0.250,nan,nan,nan,0.125,0.250,0.319,0.316,0.327,
0.336,0.417,nan,nan,nan,0.250,nan,0.287,0.349,0.331,
0.287,0.367,nan,nan,nan,nan,nan,0.328,0.330,0.366,
0.338,0.348,0.312,nan,nan,0.344,0.219,0.335,0.393,0.346,
0.333,0.324,0.375,nan,nan,0.188,0.312,0.322,0.271,0.319,
0.406,nan,nan,nan,nan,0.312,0.375,0.352,0.385,0.375,
nan,nan,nan,nan,0.375,0.309,0.351,0.336,0.354,nan,
