0.323,0.322,0.340,0.351,nan,nan,0.375,0.188,0.250,0.325,
0.296,0.346,0.330,0.336,0.237,0.362,0.359,0.357,0.318,0.328,
0.332,0.325,0.290,0.339,0.250,0.292,0.367,0.375,0.350,0.250,
0.321,0.295,0.339,0.227,0.188,0.375,nan,0.312,0.219,0.298,
0.250,0.325,0.292,0.312,nan,0.188,nan,0.250,0.299,0.375,
nan,nan,nan,nan,nan,0.375,0.281,nan,0.312,0.375,
nan,nan,nan,nan,nan,0.281,0.330,0.365,nan,0.275,
0.321,nan,nan,nan,0.375,0.312,0.317,0.438,0.312,0.328,
0.330,0.383,nan,nan,nan,nan,0.278,0.562,0.366,0.328,
nan,0.345,0.312,0.330,nan,nan,0.325,0.359,nan,0.312,
