0.375,0.304,0.321,0.188,nan,0.281,0.219,0.332,0.331,0.229,
0.293,0.334,0.361,0.369,nan,0.219,0.346,0.304,0.344,0.336,
0.323,0.321,0.394,0.500,nan,0.369,0.359,0.312,0.354,0.359,
0.375,0.268,nan,nan,nan,0.417,0.352,nan,nan,0.344,
0.283,0.375,nan,nan,0.312,0.306,0.332,0.326,0.304,0.306,
0.306,nan,nan,nan,nan,0.384,0.352,0.269,0.240,0.300,
0.324,0.212,nan,nan,nan,nan,0.336,0.395,0.353,0.292,
0.333,0.266,nan,nan,0.500,0.375,0.361,0.350,0.338,0.323,
0.312,0.302,nan,nan,0.389,0.359,0.362,0.271,0.260,0.406,
0.315,0.300,0.417,nan,0.297,0.375,0.353,0.300,0.438,nan,
