nan,nan,nan,nan,nan,0.188,0.258,0.312,0.300,0.438,
0.384,nan,nan,nan,nan,0.250,0.328,0.340,0.383,0.312,
0.372,0.375,nan,nan,nan,0.323,0.361,0.319,0.385,0.331,
0.410,0.250,nan,nan,nan,0.125,0.406,0.300,0.375,0.335,
0.344,0.229,nan,nan,nan,0.438,nan,0.275,0.309,0.339,
0.306,0.344,nan,nan,nan,nan,nan,0.422,0.323,0.348,
0.325,0.362,0.362,nan,nan,0.354,0.344,0.279,0.346,0.326,
0.396,0.335,0.188,nan,nan,0.250,0.312,0.334,0.323,0.349,
0.406,nan,nan,nan,nan,0.391,0.330,0.326,0.370,0.312,
nan,nan,nan,nan,0.250,0.305,0.303,0.339,0.312,nan,
