0.338,0.355,0.341,0.292,0.271,0.300,0.391,0.281,0.335,0.316,
0.321,0.343,0.362,0.285,0.299,0.310,0.300,0.309,0.297,0.279,
0.343,0.343,0.351,0.391,0.339,0.332,0.312,nan,0.297,0.353,
0.312,0.312,0.292,0.348,0.375,0.330,nan,0.295,0.327,0.319,
0.625,0.188,0.438,0.212,0.321,0.417,nan,nan,0.417,0.375,
0.312,nan,nan,0.125,nan,nan,nan,nan,0.354,0.328,
0.323,0.312,nan,nan,nan,nan,nan,nan,nan,0.344,
0.354,0.312,0.375,nan,nan,nan,0.312,nan,nan,0.375,
0.350,0.317,0.268,0.292,0.333,0.562,0.338,0.375,0.344,0.333,
0.295,0.332,0.349,0.349,0.353,0.281,0.312,0.250,0.375,nan,
