0.284,nan,0.438,nan,0.388,0.250,0.306,0.258,0.359,0.305,
0.350,nan,nan,nan,0.688,nan,0.359,0.333,0.366,0.307,
0.312,nan,nan,nan,nan,nan,0.344,0.341,0.362,0.312,
0.344,0.295,nan,nan,0.375,0.281,0.292,0.330,0.359,0.341,
0.336,0.319,0.438,0.330,0.286,nan,0.286,0.317,0.366,0.306,
0.375,nan,0.324,0.338,0.362,0.312,0.396,0.275,0.312,0.344,
0.352,0.312,0.260,0.362,0.250,0.338,0.328,0.406,0.391,0.250,
0.298,0.361,0.306,0.438,0.188,0.350,0.366,0.344,0.333,0.297,
0.362,0.306,0.284,0.411,0.354,0.362,0.336,0.385,0.348,0.302,
0.354,0.328,0.288,0.312,0.365,0.321,0.365,0.325,0.348,0.375,
