0.340,nan,nan,nan,0.271,0.362,0.317,0.382,0.317,0.353,
0.354,nan,nan,nan,0.375,nan,0.344,0.400,0.286,0.406,
0.375,nan,nan,nan,nan,nan,nan,0.330,0.348,0.324,
0.344,0.297,nan,nan,0.203,0.319,0.305,0.312,0.375,0.331,
0.333,0.281,0.375,0.361,0.339,0.312,0.317,0.366,0.338,0.334,
0.372,nan,0.326,0.400,0.346,0.375,0.330,0.250,nan,0.365,
0.277,0.354,0.333,0.304,0.366,0.388,0.406,0.188,0.300,0.312,
0.372,0.328,0.295,0.125,0.500,0.312,0.320,0.281,0.369,0.306,
nan,0.279,0.319,0.325,0.312,0.350,0.345,0.375,0.327,0.250,
0.250,0.333,0.327,0.292,0.312,0.271,0.396,0.331,0.337,0.317,
