0.500,0.312,nan,nan,0.500,nan,nan,nan,0.312,0.385,
nan,0.269,0.375,nan,nan,nan,nan,nan,0.312,0.375,
nan,0.188,nan,nan,nan,nan,nan,0.393,0.292,0.412,
0.307,0.366,nan,nan,nan,nan,0.306,0.335,0.335,0.271,
0.333,0.322,0.344,nan,0.344,0.438,0.237,0.312,0.335,0.266,
0.358,0.338,0.299,0.188,0.281,0.364,nan,0.356,0.330,0.312,
0.345,0.287,0.317,0.281,0.438,0.354,0.344,0.349,0.312,0.345,
0.297,0.329,0.320,0.250,0.375,0.380,0.360,0.284,0.365,0.322,
0.417,0.200,0.312,0.250,0.372,0.333,0.278,0.358,0.370,0.361,
0.287,0.250,0.375,0.438,0.292,0.250,nan,0.362,0.320,0.333,
