0.344,nan,nan,nan,nan,nan,0.354,0.307,0.306,0.342,
0.305,nan,nan,nan,nan,nan,0.278,0.381,0.332,0.330,
0.378,0.279,0.375,nan,nan,nan,0.354,0.354,0.324,0.301,
0.325,nan,nan,nan,nan,0.375,0.257,0.397,0.309,0.361,
0.341,0.469,nan,nan,nan,nan,0.281,0.375,0.330,0.375,
0.356,0.354,nan,nan,0.344,0.451,0.326,0.292,0.266,0.344,
0.344,0.321,0.438,nan,nan,0.333,0.306,0.342,0.315,0.302,
0.299,0.312,nan,nan,nan,0.327,0.328,0.352,0.325,0.375,
0.309,0.338,0.366,nan,0.359,0.342,0.340,0.375,0.337,0.250,
0.375,0.219,0.188,nan,nan,0.208,0.333,0.294,0.469,nan,
