0.188,nan,nan,nan,nan,0.438,0.328,0.344,0.338,0.340,
0.293,0.250,nan,nan,nan,nan,0.344,0.340,0.326,0.309,
0.351,0.350,nan,nan,nan,0.312,nan,0.344,0.300,0.346,
0.301,0.438,nan,nan,nan,0.375,0.273,0.318,0.347,0.316,
0.344,nan,nan,nan,nan,nan,0.359,0.323,0.370,0.329,
0.325,0.312,nan,nan,nan,0.328,0.285,0.351,0.328,0.281,
0.323,0.320,0.312,nan,nan,0.406,0.368,0.363,0.331,0.352,
0.446,0.287,nan,nan,nan,0.330,0.312,0.349,0.339,0.312,
0.356,0.328,0.188,nan,nan,0.321,0.337,0.309,0.372,0.344,
nan,nan,nan,nan,nan,0.229,0.366,0.297,0.297,0.438,
