0.325,0.355,0.355,nan,nan,0.309,0.294,0.390,0.419,0.306,
0.336,0.327,0.333,0.290,nan,0.366,0.306,0.341,0.484,0.349,
0.320,0.311,0.387,nan,nan,0.347,0.353,0.355,0.161,0.331,
0.400,0.369,0.290,nan,nan,0.332,0.356,0.333,0.355,0.306,
0.313,0.304,nan,nan,nan,0.327,0.337,0.333,0.410,0.338,
0.338,0.371,nan,nan,nan,0.339,0.348,0.335,0.323,0.325,
0.370,0.274,nan,nan,nan,0.419,0.320,0.341,0.333,0.320,
0.315,0.364,nan,nan,nan,0.290,0.342,0.326,0.324,0.340,
0.355,0.329,0.452,nan,0.258,0.344,0.310,0.310,0.346,0.316,
0.369,0.368,0.387,0.323,0.297,0.339,0.347,nan,0.194,0.290,
