0.287,nan,nan,nan,nan,0.438,0.375,0.321,0.312,0.331,
0.375,nan,nan,nan,nan,0.312,0.398,0.285,0.349,0.341,
0.335,0.375,nan,nan,nan,nan,0.333,0.383,0.370,0.279,
0.339,nan,nan,nan,nan,nan,nan,0.306,0.339,0.333,
0.281,0.281,nan,nan,nan,nan,nan,0.271,0.281,0.311,
0.361,0.438,nan,nan,0.344,0.500,0.346,0.368,0.295,0.287,
0.425,0.359,nan,nan,nan,0.289,0.304,0.363,0.329,0.320,
0.368,nan,nan,nan,nan,0.375,0.306,0.322,0.333,0.375,
0.349,0.394,nan,nan,nan,0.375,0.358,0.258,0.312,0.316,
0.307,nan,nan,nan,nan,0.320,0.344,0.307,0.353,0.332,
