0.346,0.324,nan,nan,0.375,0.333,0.338,0.208,0.352,0.369,
0.338,0.282,0.344,0.312,0.312,0.344,0.340,0.357,0.379,0.370,
0.301,0.362,0.350,0.300,0.406,0.302,0.305,0.281,0.339,0.305,
0.340,0.361,0.342,0.250,0.303,0.348,nan,0.268,0.347,0.350,
0.359,0.393,0.375,nan,0.453,0.188,0.224,0.297,0.328,0.361,
0.365,0.375,nan,nan,nan,nan,nan,nan,0.167,0.353,
0.312,0.375,nan,nan,nan,nan,nan,nan,nan,0.295,
0.362,0.250,nan,nan,nan,0.312,0.326,0.250,nan,0.562,
nan,nan,nan,0.312,0.125,0.348,0.237,0.188,nan,nan,
0.365,0.375,nan,0.250,0.425,nan,0.396,0.562,0.438,0.275,
