nan,nan,nan,nan,0.333,0.281,nan,nan,0.375,0.369,
nan,0.332,nan,nan,nan,nan,nan,0.562,0.375,0.333,
nan,nan,nan,nan,nan,nan,0.375,0.250,0.188,0.336,
0.312,0.344,nan,nan,nan,nan,0.312,0.364,0.296,0.417,
0.354,0.335,0.328,0.375,0.250,0.250,0.292,0.357,0.333,0.281,
0.365,0.263,0.339,0.304,0.317,0.347,nan,0.318,0.312,0.292,
0.335,0.351,0.357,0.250,0.354,0.372,0.396,0.328,0.346,0.335,
0.327,0.357,0.375,nan,nan,0.400,0.366,0.303,0.318,0.309,
0.338,0.234,nan,0.438,0.318,0.319,0.344,0.361,0.333,0.375,
0.355,0.312,nan,0.292,0.346,0.287,0.312,0.438,0.325,0.300,
