0.375,0.319,0.362,0.377,0.398,0.259,0.339,0.375,0.323,0.396,
0.331,0.327,0.315,0.340,0.279,0.328,0.332,0.316,0.375,0.318,
0.306,0.340,0.349,0.333,0.307,0.362,nan,0.375,0.306,0.345,
0.328,0.281,0.264,0.348,0.323,0.250,nan,0.250,0.322,0.307,
nan,0.438,0.438,0.417,0.338,0.266,0.500,nan,0.281,0.350,
nan,nan,nan,nan,nan,nan,nan,nan,0.312,0.276,
0.292,nan,nan,nan,nan,nan,0.312,nan,nan,0.312,
0.325,nan,nan,nan,nan,nan,0.357,0.406,0.375,0.354,
0.306,0.275,0.312,0.304,0.438,nan,0.330,0.352,0.269,0.310,
0.304,0.329,0.350,0.348,0.332,nan,0.438,nan,0.188,nan,
