0.327,nan,nan,nan,nan,0.366,0.319,0.334,0.349,0.339,
0.341,0.302,nan,nan,nan,0.226,0.348,0.339,0.350,0.336,
0.348,0.341,nan,nan,nan,nan,0.210,0.323,0.357,0.349,
0.368,0.306,nan,nan,nan,nan,0.351,0.323,0.328,0.284,
0.357,0.194,nan,nan,0.387,0.269,0.337,0.315,0.321,0.313,
0.346,0.373,0.331,nan,0.258,0.347,0.341,0.337,0.330,0.339,
0.326,0.320,0.390,0.323,nan,0.290,0.366,0.297,0.313,0.364,
0.362,0.258,0.290,nan,nan,0.323,0.351,0.346,0.333,0.355,
0.315,0.351,0.290,nan,0.373,0.333,0.332,0.381,0.329,0.355,
0.355,0.323,nan,nan,0.258,0.326,0.332,0.323,0.323,0.323,
