0.332,0.500,nan,nan,nan,nan,0.344,0.375,0.273,0.340,
0.281,nan,nan,nan,nan,0.375,0.368,0.323,0.279,0.354,
0.393,0.406,0.188,nan,nan,nan,0.375,0.338,0.333,0.327,
0.348,0.219,nan,nan,nan,nan,nan,0.125,0.321,0.332,
0.379,nan,nan,nan,nan,nan,0.250,0.354,0.366,0.317,
0.306,0.312,nan,nan,0.375,0.333,0.312,0.367,0.250,0.277,
0.319,0.293,0.375,nan,0.312,0.309,0.333,0.351,0.302,0.295,
0.438,0.375,nan,nan,nan,0.250,0.377,0.326,0.335,0.277,
0.266,0.278,0.375,nan,nan,nan,0.369,0.325,0.344,0.353,
0.319,0.271,nan,nan,0.250,0.328,0.379,0.348,0.296,0.328,
