0.339,0.315,0.346,0.299,0.362,0.375,0.329,0.312,0.375,0.344,
0.289,0.340,0.286,0.288,0.292,0.351,0.334,0.315,0.287,0.343,
0.346,0.315,0.333,0.325,0.333,0.301,0.232,0.375,0.344,0.312,
0.388,0.339,0.375,0.331,0.240,0.350,nan,0.250,0.335,0.378,
nan,nan,nan,0.625,0.375,0.338,0.438,nan,0.375,0.375,
0.406,nan,nan,nan,nan,nan,nan,nan,0.338,0.319,
0.338,nan,nan,nan,nan,nan,nan,nan,0.400,0.438,
0.335,nan,nan,0.312,nan,nan,0.312,0.359,0.375,0.338,
0.229,0.438,0.354,0.403,0.292,nan,0.319,0.347,0.290,0.337,
0.359,0.377,0.327,0.335,0.375,nan,0.312,0.312,nan,0.562,
