0.329,0.339,0.302,0.355,0.391,0.312,0.292,0.271,0.325,0.303,
0.331,0.314,0.321,0.355,0.250,0.375,0.364,0.358,0.328,0.299,
0.367,0.337,0.309,0.417,nan,0.328,0.306,0.250,0.312,0.319,
0.469,0.312,0.375,0.310,0.312,0.375,nan,0.305,0.312,0.328,
0.250,0.438,nan,nan,nan,0.299,0.469,0.188,0.312,0.453,
nan,nan,nan,nan,nan,0.320,0.375,0.500,0.335,0.320,
nan,nan,nan,nan,nan,0.344,0.325,nan,nan,0.250,
0.375,nan,nan,nan,0.125,0.375,0.365,0.344,0.125,nan,
nan,0.250,0.438,0.250,0.375,0.354,0.312,0.304,0.438,0.389,
0.312,0.359,0.316,0.392,0.292,nan,0.333,0.295,0.500,0.312,
