0.414,0.344,0.326,0.281,0.344,0.354,0.391,0.500,0.333,0.349,
0.332,0.293,0.352,0.338,0.354,0.352,0.360,0.354,0.345,0.333,
0.329,0.324,0.393,0.362,0.333,0.359,0.346,0.312,0.378,0.340,
0.356,0.344,nan,0.375,0.312,0.282,0.312,0.417,0.370,0.312,
0.306,0.250,nan,nan,0.281,0.312,0.375,0.361,0.326,0.304,
0.336,0.188,nan,nan,nan,0.250,nan,0.375,0.375,0.318,
0.438,0.306,0.312,nan,nan,nan,nan,nan,nan,0.417,
0.352,0.395,0.281,0.188,nan,nan,0.062,nan,nan,0.384,
nan,0.375,0.406,nan,nan,0.125,0.309,0.188,nan,0.344,
0.438,nan,0.250,0.297,0.300,nan,0.250,nan,0.250,0.312,
