0.352,0.417,nan,nan,0.375,0.389,0.289,0.347,0.325,0.300,
0.321,0.307,0.350,nan,nan,0.326,0.365,0.335,0.438,0.318,
0.323,0.344,0.125,nan,nan,nan,0.359,0.379,0.344,0.323,
0.359,0.370,0.406,nan,nan,0.281,0.388,0.308,0.188,0.344,
0.342,0.219,nan,nan,0.125,0.357,0.340,0.330,0.358,0.368,
0.329,0.353,nan,nan,nan,0.438,0.317,0.296,0.364,0.325,
0.281,0.386,0.188,nan,nan,nan,0.344,0.336,0.365,0.292,
0.336,0.415,nan,nan,nan,nan,0.250,0.309,0.336,0.312,
0.323,0.372,nan,nan,0.562,0.338,0.268,0.167,0.317,0.292,
0.319,0.438,nan,nan,0.309,0.348,0.345,0.312,0.312,0.333,
