0.311,nan,0.194,nan,0.361,0.371,0.313,0.355,0.319,0.319,
0.348,nan,nan,nan,0.258,nan,0.290,0.333,0.230,0.360,
0.290,nan,nan,nan,nan,nan,0.226,0.375,0.320,0.330,
0.290,0.314,nan,nan,0.323,0.339,0.368,0.321,0.302,0.393,
0.316,0.330,0.355,0.341,0.392,nan,0.325,0.355,0.327,0.354,
0.374,nan,0.343,0.350,0.314,0.355,0.333,0.432,0.306,0.371,
0.343,0.306,0.352,0.326,0.387,0.413,0.298,0.382,0.298,0.406,
0.343,0.344,0.312,0.258,0.419,0.329,0.299,0.293,0.333,0.403,
0.239,0.319,0.375,0.334,0.306,0.337,0.334,0.317,0.306,0.339,
0.344,0.323,0.355,0.347,0.392,0.297,0.306,0.313,0.345,0.317,
