0.352,0.339,0.325,0.331,0.333,nan,0.266,0.271,0.392,0.331,
0.354,0.316,0.367,0.385,0.289,0.372,0.359,0.341,0.317,0.289,
0.324,0.327,0.334,0.281,0.234,0.287,0.304,0.312,0.334,0.354,
0.438,0.302,0.339,0.356,0.268,0.339,0.438,0.406,0.333,0.315,
nan,nan,0.250,0.438,0.188,0.375,0.302,0.406,nan,0.312,
0.344,nan,nan,nan,nan,nan,nan,0.438,0.312,0.307,
0.312,nan,nan,nan,nan,nan,nan,nan,0.438,0.188,
0.278,0.438,nan,0.375,nan,0.250,0.365,0.312,nan,0.375,
0.312,0.438,0.292,0.312,0.250,0.375,0.367,0.333,0.354,0.326,
0.188,0.342,0.399,0.330,0.444,0.250,nan,0.375,0.219,0.229,
