0.272,0.336,0.330,0.344,0.331,0.326,0.310,0.250,0.341,0.336,
0.362,0.417,0.188,0.250,0.337,0.352,0.315,0.331,0.386,0.362,
0.326,0.312,0.271,0.344,nan,0.208,0.354,0.320,0.344,0.330,
0.312,0.330,0.475,0.299,0.125,0.366,0.375,0.335,0.323,0.334,
0.354,nan,nan,nan,0.250,0.353,0.345,0.366,0.308,0.342,
0.304,nan,nan,nan,nan,nan,0.333,nan,0.250,0.406,
0.377,0.219,nan,nan,nan,nan,0.375,nan,0.350,0.307,
0.312,nan,nan,nan,nan,0.271,0.312,nan,0.625,0.375,
nan,nan,nan,nan,nan,nan,0.312,0.344,nan,nan,
0.350,0.360,0.312,nan,0.438,0.396,0.375,nan,0.500,0.438,
