0.292,0.346,0.389,0.312,0.335,0.358,0.362,0.375,0.297,0.316,
0.312,0.375,0.277,0.453,0.329,0.326,0.317,0.302,0.358,0.327,
0.372,0.406,0.317,nan,0.271,0.312,0.350,0.338,0.334,0.361,
0.351,0.366,0.304,0.325,0.354,0.479,0.328,0.357,0.333,0.344,
0.317,0.281,0.438,nan,0.383,0.336,0.342,0.320,0.330,0.309,
0.375,0.312,nan,nan,nan,0.401,0.312,nan,0.375,nan,
0.296,0.349,nan,nan,nan,0.250,0.312,nan,0.312,0.300,
0.312,0.438,nan,nan,nan,0.350,0.355,0.375,0.354,0.375,
0.312,0.328,0.312,nan,nan,nan,0.325,nan,nan,nan,
0.385,0.318,0.275,nan,0.250,0.344,0.438,0.354,0.281,nan,
