0.321,0.315,0.348,0.344,nan,0.375,0.292,0.295,0.294,0.312,
0.382,0.316,0.354,0.396,nan,0.438,0.336,0.299,0.275,0.330,
0.344,0.360,0.326,0.330,0.300,0.406,0.275,0.333,0.500,0.312,
0.290,0.388,0.312,nan,0.375,0.339,0.310,0.312,0.312,nan,
0.338,0.344,nan,nan,nan,0.359,0.278,0.381,0.332,0.375,
0.356,0.312,nan,nan,nan,0.312,0.438,nan,0.275,0.484,
0.365,nan,nan,nan,nan,0.375,0.284,0.366,0.294,0.324,
0.309,0.364,nan,nan,nan,0.344,0.319,0.306,0.342,0.337,
0.326,0.328,nan,nan,0.375,0.330,0.323,0.305,0.267,0.266,
0.312,0.237,0.344,nan,nan,0.332,0.367,0.125,0.323,0.312,
