0.302,nan,nan,nan,nan,0.219,0.338,0.281,0.302,0.362,
0.305,nan,nan,nan,nan,0.281,0.338,0.295,0.339,0.346,
0.357,0.281,nan,nan,nan,0.250,0.312,0.352,0.318,0.346,
0.273,0.375,nan,nan,nan,nan,0.375,0.320,0.311,0.337,
0.286,0.388,nan,nan,nan,0.312,0.438,0.380,0.250,0.309,
0.339,0.326,nan,nan,0.312,0.327,0.312,0.281,0.312,0.295,
0.339,0.324,nan,nan,0.286,0.342,nan,nan,0.327,0.363,
0.354,0.281,nan,nan,nan,0.338,0.312,0.356,0.364,0.356,
0.330,0.219,nan,nan,nan,0.188,0.354,0.375,0.323,0.274,
0.362,nan,nan,nan,nan,0.375,0.350,0.334,0.397,0.312,
