0.371,nan,nan,nan,nan,0.271,0.359,0.381,0.312,0.357,
0.339,0.391,nan,nan,nan,0.375,0.281,0.321,0.309,0.324,
0.319,0.344,nan,nan,nan,nan,0.469,0.384,0.294,0.359,
0.263,0.250,nan,nan,nan,nan,0.281,0.361,0.352,0.386,
0.363,0.312,nan,nan,0.188,0.292,0.347,0.323,0.332,0.333,
0.330,0.312,0.250,nan,0.406,0.312,0.312,0.365,0.392,0.306,
0.326,0.332,0.266,0.250,nan,0.250,0.250,0.388,0.277,0.281,
0.337,0.406,0.250,nan,nan,0.319,0.310,0.301,0.373,0.406,
0.320,0.250,0.312,nan,0.293,0.312,0.351,0.412,0.340,0.375,
0.312,0.333,nan,nan,0.250,0.316,0.351,0.344,0.333,0.359,
