0.291,0.352,0.371,0.339,0.281,0.438,0.396,0.354,0.300,0.349,
0.361,0.329,0.338,0.305,0.281,0.338,0.361,0.295,0.375,0.321,
0.316,0.344,0.319,0.333,nan,0.375,0.281,0.250,0.398,0.312,
0.406,0.234,0.219,0.333,0.344,0.333,nan,0.320,0.438,0.286,
0.312,0.375,nan,nan,nan,0.326,0.344,0.188,0.250,0.365,
nan,nan,nan,nan,nan,0.320,0.438,0.375,0.364,0.305,
nan,nan,nan,nan,nan,0.281,0.400,nan,nan,0.354,
0.406,nan,nan,nan,0.438,0.321,0.333,0.312,0.125,nan,
nan,0.281,0.188,0.312,0.188,0.302,0.292,0.312,0.125,0.351,
0.266,0.356,0.293,0.346,0.375,nan,0.375,0.335,0.312,0.594,
