0.500,nan,nan,nan,nan,0.375,0.312,0.339,0.366,0.312,
0.356,0.312,nan,nan,nan,nan,0.354,0.332,0.338,0.357,
0.312,0.369,nan,nan,nan,0.500,nan,0.302,0.358,0.320,
0.332,0.438,nan,nan,nan,0.250,0.409,0.352,0.303,0.348,
0.385,nan,nan,nan,nan,nan,0.328,0.333,0.322,0.342,
0.295,0.281,nan,nan,nan,0.328,0.350,0.337,0.375,0.320,
0.354,0.349,0.438,nan,nan,0.250,0.327,0.316,0.327,0.309,
0.268,0.388,nan,nan,nan,0.344,0.302,0.349,0.354,0.219,
0.362,0.359,0.396,nan,nan,0.378,0.345,0.341,0.305,0.312,
nan,nan,nan,nan,nan,0.396,0.325,0.295,0.328,0.250,
