0.312,nan,nan,nan,0.479,nan,nan,0.417,0.250,0.375,
0.375,0.229,nan,nan,nan,nan,nan,0.384,0.344,0.359,
0.281,nan,nan,nan,nan,nan,0.250,0.333,0.375,0.266,
0.250,0.299,0.188,nan,nan,nan,0.323,0.335,0.330,0.264,
0.306,0.360,0.312,0.375,0.375,nan,0.500,0.332,0.330,0.331,
0.344,0.393,0.406,0.312,0.375,0.339,0.125,0.286,0.338,0.305,
0.320,0.297,0.325,0.531,0.463,0.335,0.342,0.318,0.338,0.325,
0.250,0.272,0.260,nan,0.299,0.320,0.321,0.333,0.346,0.371,
0.312,0.349,0.331,0.362,0.320,0.312,0.359,0.312,0.353,0.325,
0.438,nan,0.312,0.438,0.403,0.656,0.375,0.269,0.318,0.354,
