0.335,0.406,nan,nan,nan,0.333,0.287,0.268,0.312,0.408,
0.365,0.317,nan,nan,nan,0.406,0.342,0.343,0.347,0.343,
0.375,0.312,0.500,nan,nan,nan,0.500,0.347,0.357,0.346,
0.303,0.469,nan,nan,nan,nan,0.306,0.322,0.361,0.371,
0.304,nan,nan,nan,nan,0.381,0.425,0.354,0.386,0.254,
0.332,0.357,0.250,nan,nan,0.438,0.306,0.341,0.362,0.348,
0.387,0.365,0.417,0.188,nan,nan,0.292,0.340,0.362,0.339,
0.309,0.292,nan,nan,0.375,0.250,0.325,0.475,0.357,0.354,
0.333,0.342,0.375,nan,0.354,0.312,0.353,0.281,0.349,0.287,
0.344,0.562,nan,nan,0.312,0.333,0.360,0.312,0.287,0.336,
