nan,nan,nan,nan,nan,nan,0.450,0.400,0.365,0.315,
0.375,nan,nan,nan,nan,nan,0.329,0.359,0.336,0.334,
0.340,nan,nan,nan,nan,nan,0.200,0.354,0.341,0.324,
0.385,0.188,nan,0.354,0.438,nan,0.438,0.406,0.250,0.334,
0.335,0.338,0.297,0.312,0.362,0.292,0.302,0.327,0.234,0.340,
0.312,0.250,nan,0.375,0.316,0.323,0.321,0.325,0.188,0.297,
0.352,0.292,nan,0.338,0.325,0.458,0.346,0.271,0.406,0.292,
0.391,0.325,0.300,0.306,0.344,0.317,0.347,0.349,0.333,0.312,
0.266,0.208,0.388,0.355,nan,0.312,0.345,0.312,0.315,0.219,
0.347,0.375,0.422,0.281,0.375,0.365,0.360,0.333,0.333,0.338,
