0.356,0.417,0.296,0.312,0.326,0.306,0.336,nan,0.369,0.314,
0.393,0.375,0.500,0.406,0.341,0.324,0.333,0.350,0.318,0.342,
0.322,0.375,0.281,nan,0.438,0.312,0.300,0.250,0.353,0.323,
0.287,0.312,0.357,0.328,0.188,0.125,0.380,0.366,0.319,0.323,
0.393,nan,nan,nan,0.375,0.292,0.386,0.325,0.312,0.335,
0.338,nan,nan,nan,nan,0.375,0.425,0.375,0.250,0.438,
0.285,0.375,nan,nan,nan,0.375,0.375,nan,0.330,0.277,
0.266,nan,nan,nan,nan,nan,0.312,0.250,0.375,0.312,
nan,0.312,nan,nan,nan,nan,0.438,0.375,nan,nan,
0.318,0.310,0.312,nan,0.562,0.344,0.330,0.281,nan,0.297,
