0.323,nan,nan,nan,nan,nan,0.333,0.355,0.344,0.297,
0.327,nan,nan,nan,nan,nan,0.323,0.328,0.316,0.329,
0.301,0.313,0.452,nan,nan,nan,0.280,0.290,0.311,0.361,
0.303,nan,nan,nan,nan,0.226,0.351,0.332,0.344,0.315,
0.370,0.161,nan,nan,nan,nan,0.419,0.333,0.331,0.323,
0.332,0.337,nan,nan,0.339,0.315,0.320,0.403,0.298,0.343,
0.319,0.333,0.269,nan,nan,0.323,0.345,0.333,0.347,0.366,
0.348,0.339,nan,nan,nan,0.337,0.310,0.326,0.331,0.323,
0.326,0.340,0.309,nan,0.298,0.315,0.320,0.301,0.360,0.452,
0.355,0.435,0.387,nan,nan,0.349,0.340,0.365,0.258,nan,
