0.306,nan,0.375,0.375,0.292,0.396,0.357,0.336,0.348,0.299,
0.500,nan,nan,nan,0.438,0.250,0.365,0.292,0.360,0.302,
0.321,nan,nan,nan,nan,0.688,nan,0.317,0.352,0.324,
0.250,0.328,0.312,nan,0.339,0.391,0.312,0.340,0.339,0.271,
0.335,0.264,nan,0.281,0.346,0.344,0.348,0.349,0.354,0.321,
0.335,0.287,0.312,0.281,0.315,0.365,0.316,0.367,0.250,0.375,
0.290,nan,0.260,0.361,0.309,0.325,0.375,0.375,0.297,0.562,
0.342,0.369,0.335,0.271,nan,0.365,0.353,0.365,0.292,0.318,
nan,0.336,0.362,0.324,0.323,0.348,0.321,0.290,0.285,0.250,
0.125,0.391,0.277,0.234,0.369,0.353,0.329,0.368,0.352,0.332,
