0.312,0.375,nan,nan,nan,0.271,0.333,0.371,0.332,0.330,
0.341,0.344,nan,nan,nan,nan,0.306,0.334,0.346,0.308,
0.329,0.345,0.292,nan,nan,nan,0.297,0.362,0.301,0.309,
0.324,0.344,nan,nan,nan,nan,0.375,0.258,0.339,0.330,
0.344,0.469,nan,nan,nan,nan,0.348,0.330,0.344,0.449,
0.318,0.331,0.312,nan,nan,0.237,0.365,0.261,0.312,0.338,
0.352,0.303,0.385,nan,0.375,0.406,0.352,0.332,0.363,0.312,
0.234,0.375,nan,nan,nan,0.308,0.302,0.365,0.406,0.338,
0.341,0.367,0.333,nan,0.375,0.312,0.340,0.327,0.292,0.531,
nan,nan,nan,nan,nan,0.349,0.354,0.352,0.281,nan,
