0.380,0.288,0.304,0.332,0.333,nan,0.391,0.312,0.244,0.349,
0.351,0.322,0.277,0.378,0.336,0.364,0.355,0.308,0.367,0.293,
0.326,0.335,0.357,0.330,0.250,0.316,0.402,0.281,0.325,0.350,
0.312,0.281,0.330,0.331,0.304,0.339,0.500,0.344,0.427,0.323,
nan,nan,0.250,0.562,0.312,0.381,0.344,0.344,nan,0.281,
0.250,nan,nan,nan,nan,nan,nan,0.250,0.375,0.364,
0.469,nan,nan,nan,nan,nan,nan,nan,0.188,0.188,
0.382,0.188,nan,0.500,nan,0.312,0.260,0.375,nan,0.354,
0.344,0.375,0.333,0.312,0.312,0.344,0.391,0.354,0.302,0.372,
0.438,0.329,0.365,0.340,0.300,0.438,nan,0.344,0.281,0.375,
