0.355,nan,nan,nan,nan,0.355,0.300,0.339,0.326,0.323,
0.340,nan,nan,nan,nan,0.398,0.336,0.339,0.355,0.310,
0.332,0.329,nan,nan,nan,0.263,0.308,0.319,0.345,0.313,
0.389,0.323,nan,nan,nan,0.339,0.306,0.333,0.360,0.337,
0.328,0.339,0.290,nan,nan,nan,nan,0.341,0.346,0.346,
0.353,0.319,0.258,nan,nan,nan,nan,0.323,0.327,0.317,
0.323,0.352,0.258,0.355,nan,nan,0.301,0.343,0.242,0.339,
0.419,0.312,nan,nan,nan,nan,0.376,0.331,0.335,0.316,
0.407,0.319,nan,nan,nan,0.335,0.371,0.324,0.340,0.468,
nan,nan,nan,nan,nan,0.366,0.351,0.369,0.326,nan,
