0.360,0.342,0.323,nan,0.317,0.340,0.301,0.452,0.326,0.316,
0.312,0.387,0.333,0.347,0.313,0.355,0.334,0.338,0.383,0.342,
0.360,0.301,0.320,0.359,0.290,0.327,0.298,0.330,0.347,0.337,
0.358,nan,0.341,0.308,0.290,0.237,0.363,0.395,0.347,0.369,
0.305,0.301,nan,0.344,0.308,0.346,0.346,0.338,0.290,0.353,
0.355,nan,nan,0.355,0.306,0.350,0.387,0.355,nan,nan,
0.355,0.323,nan,nan,nan,nan,0.258,nan,nan,nan,
0.337,0.194,0.313,0.258,0.306,0.310,0.352,0.376,0.343,0.371,
0.430,nan,nan,nan,nan,0.371,0.393,nan,0.290,0.258,
0.323,0.368,nan,nan,nan,0.350,0.339,nan,0.297,0.323,
