0.318,0.362,nan,nan,nan,0.325,0.352,0.320,0.302,0.310,
0.322,0.288,0.188,nan,nan,0.339,0.328,0.345,0.341,0.350,
0.327,0.306,nan,nan,nan,nan,0.361,0.312,0.411,0.345,
0.396,0.338,0.312,nan,nan,nan,0.300,0.342,0.375,0.438,
0.327,0.406,nan,nan,nan,0.288,0.363,0.344,0.329,0.286,
0.328,0.318,0.312,nan,nan,nan,0.312,0.375,0.330,0.281,
0.316,0.302,0.250,nan,nan,nan,0.322,0.339,0.312,0.350,
0.335,0.281,nan,nan,nan,0.333,0.299,0.312,0.341,0.302,
0.273,0.272,nan,nan,0.333,0.336,0.286,0.375,0.325,0.263,
0.292,nan,nan,0.250,0.308,0.293,0.284,0.344,0.281,0.259,
