0.364,0.265,0.062,0.375,0.319,0.317,0.308,0.333,0.344,0.339,
0.312,0.308,0.348,0.312,0.298,0.308,0.336,0.403,0.369,0.433,
0.337,0.371,0.310,0.391,0.292,0.312,0.301,0.323,0.349,0.327,
0.339,0.350,0.326,0.384,0.281,0.336,0.411,0.342,0.298,0.317,
0.396,0.438,nan,nan,nan,nan,0.316,0.307,0.281,0.400,
0.260,0.438,nan,nan,nan,nan,0.250,nan,0.330,0.324,
0.312,nan,nan,nan,nan,nan,0.219,nan,0.292,0.324,
0.375,nan,nan,nan,nan,0.250,0.330,0.375,nan,nan,
0.312,nan,nan,nan,nan,0.188,0.331,0.500,nan,0.344,
0.273,0.312,nan,nan,nan,0.367,0.287,nan,0.312,0.320,
