0.375,nan,nan,nan,0.333,0.250,nan,0.312,0.344,0.375,
0.330,0.406,0.250,nan,nan,nan,nan,0.438,0.312,0.327,
0.305,0.188,nan,nan,nan,nan,nan,0.335,0.531,0.312,
0.339,0.312,nan,nan,nan,nan,0.375,0.336,0.305,0.335,
0.332,0.359,nan,nan,0.250,0.250,0.425,0.294,0.300,0.319,
0.312,0.319,0.406,0.384,0.257,0.325,0.406,0.340,0.312,0.367,
0.310,0.369,0.323,0.305,0.375,0.306,0.260,0.345,0.383,0.351,
0.188,0.302,0.302,0.333,0.375,0.344,0.328,0.319,0.362,0.388,
0.365,0.328,0.312,0.188,0.362,0.330,0.125,0.304,0.408,0.328,
0.219,0.281,nan,nan,0.438,0.562,0.312,0.336,0.348,0.375,
