0.329,0.294,0.396,0.292,0.340,0.337,0.308,nan,0.312,0.347,
0.411,0.361,0.344,0.323,0.341,0.327,0.345,0.400,0.286,0.342,
0.343,0.312,0.281,0.438,nan,0.287,0.379,0.301,0.317,0.323,
0.328,0.382,0.303,0.281,nan,0.250,0.335,0.336,0.325,0.343,
0.369,nan,nan,nan,0.500,0.340,0.323,0.344,0.328,0.353,
nan,nan,nan,nan,nan,0.427,0.438,nan,0.344,0.406,
0.361,0.365,0.438,nan,nan,0.281,0.438,nan,0.285,0.375,
0.350,nan,nan,nan,nan,0.281,0.349,0.417,0.357,0.312,
0.438,0.333,nan,nan,nan,nan,0.406,nan,nan,nan,
0.287,0.337,0.362,0.250,nan,0.297,0.312,0.375,0.250,0.375,
