0.349,0.336,0.347,0.295,nan,nan,0.188,0.312,0.438,0.325,
0.364,0.327,0.346,0.335,0.375,0.237,0.315,0.330,0.345,0.375,
0.317,0.344,0.353,0.349,0.438,0.333,0.344,0.339,0.362,0.417,
0.339,0.321,0.339,0.398,0.312,0.312,nan,0.375,0.438,0.351,
0.406,0.338,0.250,0.438,nan,0.328,nan,0.500,0.368,0.375,
nan,nan,nan,nan,nan,0.292,0.344,nan,0.312,0.375,
nan,nan,nan,nan,nan,0.344,0.330,0.385,nan,0.263,
0.366,nan,nan,nan,0.438,0.349,0.348,0.438,0.335,0.375,
0.321,0.297,nan,nan,nan,nan,0.396,0.219,0.330,0.348,
nan,0.368,0.335,0.403,nan,nan,0.438,0.297,nan,0.375,
