0.354,0.330,0.341,0.362,0.299,0.338,0.356,0.312,0.320,0.355,
0.354,0.469,0.286,0.312,0.290,0.292,0.348,0.323,0.342,0.345,
0.321,0.391,0.327,nan,0.375,0.333,0.372,0.338,0.343,0.331,
0.365,0.375,0.375,0.325,0.292,0.396,0.324,0.446,0.315,0.362,
0.308,0.344,0.250,nan,0.383,0.347,0.337,0.302,0.330,0.326,
0.250,0.375,nan,nan,nan,0.336,0.300,nan,0.292,nan,
0.321,0.327,nan,nan,nan,0.188,0.188,nan,0.406,0.400,
0.297,0.438,nan,nan,nan,0.356,0.348,0.344,0.312,0.250,
0.312,0.219,0.312,nan,nan,nan,0.275,nan,nan,nan,
0.297,0.328,0.375,nan,0.250,0.375,0.438,0.375,0.500,nan,
