0.333,0.312,0.438,nan,0.275,0.344,0.281,0.250,0.342,0.339,
0.344,nan,nan,nan,0.312,nan,0.562,0.342,0.375,0.375,
0.375,nan,nan,nan,nan,0.312,0.347,0.361,0.325,0.318,
0.312,0.354,0.438,nan,0.250,0.333,0.346,0.367,0.400,0.292,
0.338,0.343,0.271,0.271,0.299,nan,0.425,0.319,0.286,0.345,
0.335,0.388,0.334,0.340,0.328,0.312,nan,0.438,0.391,0.411,
0.291,0.344,0.342,0.412,nan,0.250,0.352,0.321,0.375,0.354,
0.349,0.240,0.388,nan,nan,0.326,0.347,0.341,0.268,0.250,
0.375,0.331,0.277,0.306,0.368,0.412,0.312,0.271,0.277,0.304,
0.335,0.274,0.339,0.250,0.347,0.284,0.344,0.312,0.318,0.359,
