nan,nan,0.312,0.312,0.350,0.312,0.375,0.321,0.328,0.312,
nan,nan,nan,nan,0.156,nan,0.417,0.219,0.318,0.333,
0.312,nan,nan,nan,nan,nan,0.312,0.350,0.332,0.324,
0.328,nan,nan,0.312,0.304,0.375,nan,0.369,0.301,0.323,
0.312,0.306,nan,0.241,0.344,0.250,0.354,0.360,0.273,0.344,
0.368,nan,nan,0.286,0.349,0.292,0.283,0.335,0.479,0.338,
0.299,nan,0.312,0.299,0.289,0.321,0.386,0.333,0.266,0.275,
0.297,0.321,0.344,0.347,0.438,0.288,0.314,0.306,0.299,0.353,
nan,0.333,0.327,0.327,0.167,0.357,0.328,0.386,0.347,0.312,
0.250,0.354,0.338,0.406,0.335,0.357,0.287,0.290,0.349,0.331,
