130.463,134.250,0.000,0.000,117.857,155.323,143.486,135.818,199.667,154.548,
73.250,25.800,177.000,26.000,185.500,188.118,139.062,171.000,90.000,189.000,
136.597,93.188,93.882,75.667,87.000,117.750,40.500,114.700,147.846,142.747,
74.100,101.250,96.462,141.600,0.000,126.333,82.500,132.938,124.611,175.933,
56.000,0.000,0.000,nan,nan,199.000,133.393,141.600,186.300,114.237,
210.429,0.000,nan,nan,nan,nan,101.400,nan,132.750,176.786,
177.000,nan,nan,nan,nan,nan,0.000,nan,0.000,130.800,
56.571,nan,nan,nan,nan,nan,173.520,109.500,nan,0.000,
0.000,nan,nan,nan,nan,159.000,127.235,0.000,nan,0.000,
99.750,195.000,nan,nan,nan,120.000,66.750,0.000,0.000,94.364,
