115.765,162.923,116.357,255.000,51.000,55.500,51.600,51.000,186.643,131.600,
163.750,135.273,131.438,121.286,171.857,163.875,121.773,175.500,132.281,135.273,
111.923,97.345,54.750,134.182,136.286,67.667,290.000,95.500,101.824,132.283,
164.824,0.000,nan,0.000,135.375,188.625,0.000,62.000,148.333,165.422,
142.636,0.000,nan,nan,0.000,183.000,nan,281.000,173.286,105.889,
165.000,nan,nan,nan,nan,nan,nan,nan,0.000,195.429,
126.500,149.400,nan,nan,nan,nan,nan,nan,nan,84.000,
92.143,155.538,0.000,nan,nan,nan,nan,nan,nan,118.091,
0.000,72.231,86.143,228.750,0.000,nan,251.100,90.000,0.000,60.000,
nan,27.000,131.700,89.250,172.500,nan,0.000,nan,nan,0.000,
