0.125,nan,nan,nan,nan,0.344,0.125,0.312,0.285,0.369,
0.312,nan,nan,nan,nan,0.250,0.327,0.375,0.374,0.293,
0.368,0.359,0.375,nan,nan,nan,nan,0.273,0.337,0.355,
0.246,0.208,nan,nan,nan,nan,nan,nan,0.322,0.327,
0.289,nan,nan,0.375,0.312,nan,0.338,0.338,0.308,0.319,
nan,nan,0.406,0.297,0.324,0.312,0.355,0.369,0.319,0.344,
0.352,nan,nan,0.417,0.250,0.406,0.356,0.359,0.362,0.357,
0.406,0.375,nan,nan,nan,0.312,0.324,0.328,0.325,0.375,
0.307,0.338,0.312,nan,nan,0.312,0.321,0.346,0.349,0.348,
0.310,nan,nan,nan,0.281,0.362,0.250,0.361,0.357,0.312,
