0.375,nan,nan,nan,nan,0.188,0.357,0.328,0.378,0.219,
0.295,nan,nan,nan,nan,0.271,0.337,0.333,0.380,0.344,
0.345,0.300,nan,nan,nan,0.427,0.375,0.310,0.361,0.335,
0.317,0.350,nan,nan,nan,0.312,0.391,0.336,0.305,0.329,
0.341,0.333,0.312,nan,nan,nan,nan,0.340,0.332,0.311,
0.336,0.352,0.375,nan,nan,nan,nan,0.367,0.307,0.335,
0.359,0.312,0.281,0.312,nan,nan,0.333,0.345,0.406,0.346,
0.312,0.352,nan,nan,nan,nan,0.292,0.340,0.382,0.362,
0.289,0.281,nan,nan,nan,0.263,0.292,0.320,0.345,0.312,
nan,nan,nan,nan,nan,0.312,0.305,0.297,0.438,nan,
