0.327,0.360,0.361,0.500,0.381,0.335,0.372,0.229,0.354,0.347,
0.350,0.188,0.276,0.375,0.350,0.356,0.361,0.337,0.318,0.350,
0.341,0.344,0.323,nan,0.328,0.305,0.408,0.292,0.361,0.349,
0.348,0.344,0.319,0.297,0.328,0.297,0.328,0.391,0.361,0.336,
0.333,0.354,nan,nan,0.349,0.338,0.312,0.335,0.375,0.355,
nan,0.375,nan,nan,0.312,0.254,0.325,0.375,nan,nan,
0.359,0.289,0.312,nan,nan,0.375,0.500,nan,0.292,nan,
0.312,0.333,nan,nan,nan,0.425,0.312,0.229,0.367,0.500,
0.188,0.290,0.219,nan,nan,0.438,0.332,0.438,nan,nan,
0.312,0.335,0.385,nan,0.188,0.406,0.302,nan,0.237,0.297,
