167.132,168.000,63.000,0.000,127.000,139.800,136.263,68.400,136.800,139.034,
130.714,204.214,131.100,89.000,215.000,95.727,144.989,106.500,137.700,301.800,
107.000,117.113,124.500,79.500,0.000,216.600,192.000,122.800,150.327,150.700,
130.645,143.500,143.455,6.000,138.167,87.000,49.800,97.500,118.333,125.167,
138.000,122.000,0.000,nan,366.000,0.000,176.000,79.650,125.700,103.065,
139.800,nan,nan,nan,nan,nan,nan,36.000,0.000,116.812,
21.000,0.000,nan,nan,nan,nan,0.000,nan,nan,143.250,
123.000,232.875,0.000,nan,nan,0.000,142.500,nan,nan,nan,
nan,nan,nan,nan,nan,147.000,127.579,78.000,nan,nan,
202.800,nan,0.000,129.000,186.000,nan,12.000,nan,0.000,nan,
