0.329,0.357,0.296,0.438,nan,0.281,0.375,0.332,0.301,0.229,
0.321,0.342,0.341,0.344,nan,0.344,0.284,0.334,0.328,0.330,
0.370,0.311,0.381,0.188,nan,0.312,0.375,0.500,0.271,0.371,
0.375,0.312,nan,nan,nan,0.340,0.352,nan,nan,0.281,
0.290,0.250,nan,nan,0.438,0.361,0.336,0.317,0.339,0.319,
0.344,nan,nan,nan,nan,0.402,0.344,0.263,0.354,0.275,
0.330,0.338,nan,nan,nan,nan,0.352,0.273,0.349,0.229,
0.330,0.391,nan,nan,0.250,0.438,0.375,0.326,0.338,0.345,
0.344,0.323,nan,nan,0.347,0.318,0.365,0.278,0.344,0.302,
0.315,0.362,0.292,nan,0.266,0.367,0.379,0.250,0.281,nan,
