0.340,0.339,0.318,0.322,0.333,nan,0.344,0.366,0.260,0.326,
0.325,0.343,0.333,0.345,0.344,0.354,0.266,0.335,0.396,0.312,
0.341,0.334,0.312,0.317,0.250,0.347,0.312,0.562,0.365,0.309,
0.312,0.396,0.271,0.333,0.375,0.393,0.375,0.375,0.375,0.367,
0.458,0.396,0.125,0.250,nan,0.312,nan,0.375,0.344,0.354,
0.250,nan,nan,nan,nan,0.453,0.250,nan,0.312,0.342,
nan,nan,nan,nan,nan,nan,nan,nan,nan,nan,
0.292,nan,nan,nan,nan,nan,0.427,nan,nan,0.312,
0.500,0.375,0.354,nan,nan,0.250,0.562,0.335,0.406,0.378,
0.368,0.329,0.323,0.375,0.333,0.375,0.359,0.285,nan,0.375,
