0.315,0.316,0.361,0.333,0.355,0.306,0.419,0.452,0.315,0.332,
0.307,0.280,0.360,0.309,0.349,0.330,0.283,0.310,0.350,0.303,
0.329,0.323,0.307,0.363,0.288,0.295,0.226,0.329,0.300,0.341,
0.348,0.312,0.352,0.344,0.358,0.282,nan,0.290,0.338,0.326,
0.419,nan,0.374,0.333,0.271,0.306,nan,nan,0.384,0.335,
0.355,nan,nan,nan,nan,nan,nan,nan,0.355,0.363,
0.326,0.387,nan,nan,nan,nan,nan,nan,nan,nan,
0.310,0.336,0.340,nan,nan,nan,0.296,nan,nan,0.237,
0.355,0.335,0.335,0.403,nan,0.355,0.352,nan,nan,0.342,
nan,0.302,0.349,0.323,0.327,0.387,0.306,nan,0.306,0.355,
