0.312,nan,nan,nan,nan,nan,0.297,0.325,0.331,0.355,
0.289,nan,nan,nan,nan,nan,0.306,0.329,0.349,0.330,
0.357,0.379,0.188,nan,nan,nan,0.354,0.354,0.324,0.289,
0.463,nan,nan,nan,nan,0.250,0.375,0.344,0.297,0.292,
0.290,0.469,nan,nan,nan,nan,0.292,0.281,0.295,0.359,
0.341,0.257,nan,nan,0.312,0.306,0.380,0.281,0.406,0.362,
0.312,0.304,0.271,nan,nan,0.312,0.325,0.346,0.304,0.271,
0.312,0.312,nan,nan,nan,0.413,0.343,0.347,0.297,0.375,
0.375,0.332,0.330,nan,0.328,0.306,0.340,0.352,0.274,0.438,
0.375,0.406,0.312,nan,nan,0.344,0.329,0.281,0.312,nan,
