0.375,nan,nan,nan,nan,0.062,0.323,0.264,0.338,0.347,
nan,nan,nan,nan,0.438,0.344,0.325,0.330,0.351,0.353,
0.371,0.500,nan,nan,nan,nan,0.267,0.325,0.348,0.358,
0.400,0.312,nan,nan,nan,nan,0.219,0.371,0.319,0.327,
0.329,0.378,0.312,nan,nan,nan,nan,0.425,0.312,0.307,
0.304,0.354,0.219,nan,nan,0.325,nan,nan,0.344,0.297,
0.367,0.290,0.357,0.266,0.305,0.347,0.312,0.344,0.347,0.347,
0.333,0.562,nan,nan,nan,0.335,0.306,0.356,0.330,0.315,
0.375,nan,nan,nan,nan,0.375,0.361,0.343,0.312,0.312,
nan,nan,nan,nan,nan,0.323,0.352,0.338,0.360,0.312,
