0.333,0.250,nan,nan,nan,nan,0.383,0.369,0.326,0.370,
0.344,0.250,nan,nan,nan,0.208,0.330,0.365,0.358,0.319,
0.332,0.332,0.281,nan,nan,0.347,0.388,0.312,0.340,0.366,
0.319,0.362,nan,nan,0.250,0.396,0.345,0.318,0.326,0.347,
0.281,nan,nan,nan,nan,nan,0.312,0.325,0.324,0.299,
0.310,0.303,0.438,nan,nan,nan,0.338,0.289,0.353,0.357,
0.365,0.303,nan,nan,nan,nan,0.333,0.291,0.350,0.332,
0.325,0.319,nan,nan,nan,0.250,0.315,0.359,0.340,0.406,
0.312,0.341,nan,nan,nan,0.352,0.332,0.306,0.276,0.333,
0.125,nan,nan,nan,nan,0.339,0.312,0.375,0.324,0.438,
