135.000,73.500,144.923,60.000,160.714,100.000,171.300,0.000,147.750,102.000,
294.000,91.500,128.571,39.000,160.100,127.667,130.453,177.000,133.000,127.355,
153.429,99.000,173.077,nan,148.000,217.000,118.950,184.200,123.486,129.129,
102.000,71.143,94.500,168.000,103.000,8.000,111.643,117.429,143.464,151.000,
197.308,0.000,0.000,nan,204.375,131.015,140.036,104.880,135.000,189.947,
0.000,0.000,nan,nan,nan,124.737,172.200,nan,0.000,nan,
97.000,162.545,nan,nan,nan,0.000,0.000,nan,168.000,25.200,
151.500,0.000,nan,nan,nan,152.100,80.250,90.750,216.000,0.000,
0.000,253.500,0.000,nan,nan,nan,165.600,nan,nan,nan,
136.500,138.500,138.000,nan,0.000,137.500,215.250,40.000,300.000,nan,
