nan,0.625,nan,0.375,0.347,0.331,nan,nan,0.350,0.375,
0.500,0.319,nan,nan,nan,0.438,nan,nan,0.375,0.312,
0.188,nan,nan,nan,nan,nan,nan,0.359,0.375,0.293,
0.375,0.458,0.375,nan,0.312,0.312,0.369,0.310,0.337,0.335,
0.341,0.333,0.304,0.438,0.361,nan,0.312,0.329,0.364,0.188,
0.125,0.319,0.336,0.312,0.264,0.344,nan,0.297,0.333,0.375,
0.326,0.286,0.317,0.268,0.366,0.344,0.306,0.339,0.351,0.324,
0.307,0.340,0.391,0.250,0.250,0.356,0.334,0.382,0.352,0.339,
0.323,0.333,0.375,0.354,0.301,0.306,0.281,0.354,0.292,0.328,
0.394,0.271,0.312,0.325,0.312,0.281,0.375,0.323,0.350,0.362,
