0.321,0.321,0.292,0.500,nan,0.406,0.375,0.298,0.276,0.417,
0.355,0.357,0.331,0.325,nan,0.344,0.303,0.372,0.344,0.289,
0.318,0.351,0.300,0.250,nan,0.325,0.312,0.292,0.229,0.336,
0.406,0.384,nan,nan,nan,0.326,0.344,nan,nan,0.375,
0.379,0.344,nan,nan,0.250,0.347,0.312,0.330,0.339,0.356,
0.337,nan,nan,nan,nan,0.330,0.336,0.306,0.406,0.375,
0.345,0.362,nan,nan,nan,nan,0.312,0.345,0.305,0.417,
0.349,0.328,nan,nan,0.188,0.250,0.288,0.322,0.323,0.351,
0.344,0.375,nan,nan,0.340,0.328,0.306,0.312,0.438,0.208,
0.351,0.275,0.292,nan,0.344,0.288,0.330,0.350,0.219,nan,
