nan,0.312,nan,nan,nan,nan,0.438,0.479,0.294,0.344,
0.250,nan,nan,nan,nan,nan,0.283,0.188,0.340,0.304,
0.366,0.266,0.271,nan,nan,nan,nan,0.369,0.323,0.319,
0.324,0.349,0.250,nan,nan,nan,nan,0.250,0.382,0.296,
0.319,nan,nan,nan,0.417,nan,0.328,0.281,0.332,0.311,
0.438,nan,0.438,0.365,0.315,0.375,0.333,0.362,0.352,0.312,
0.208,nan,0.312,0.295,0.333,0.391,0.304,0.381,0.287,0.312,
nan,nan,0.438,0.250,0.250,0.330,0.303,0.314,0.348,0.362,
0.343,0.284,0.281,nan,nan,0.352,0.346,0.316,0.349,0.330,
0.310,0.438,nan,nan,nan,0.359,0.332,0.330,0.344,0.319,
