0.354,0.341,0.125,nan,0.344,0.314,0.312,0.375,0.306,0.212,
0.333,0.396,0.333,0.344,0.354,0.346,0.312,0.327,0.320,0.294,
0.318,0.396,0.401,0.445,0.229,0.393,0.335,0.351,0.323,0.328,
0.307,nan,0.319,0.358,0.500,0.333,0.305,0.375,0.354,0.290,
0.347,0.458,nan,0.250,0.319,0.314,0.385,0.294,0.312,0.325,
0.500,nan,nan,0.188,0.344,0.337,0.333,0.375,nan,nan,
0.322,0.375,nan,nan,nan,nan,0.500,nan,nan,nan,
0.321,0.250,0.330,0.312,0.281,0.324,0.344,0.354,0.321,0.344,
0.250,nan,nan,nan,nan,0.375,0.261,nan,0.344,0.312,
0.219,0.212,nan,nan,nan,0.250,0.219,nan,0.375,0.417,
