0.339,0.336,0.330,0.325,0.562,0.294,nan,0.375,0.337,0.350,
0.339,0.331,0.315,0.350,0.352,0.333,0.333,0.339,0.320,0.328,
0.358,0.355,0.338,0.379,0.250,0.339,0.250,0.298,0.350,0.326,
0.293,0.312,0.375,0.346,0.351,0.308,0.312,0.338,0.315,0.307,
0.406,nan,0.396,0.271,0.336,0.275,0.438,nan,0.305,0.333,
0.250,nan,0.250,nan,0.188,0.312,nan,nan,0.312,0.371,
0.382,0.406,nan,nan,nan,nan,nan,nan,nan,0.375,
0.312,0.393,0.368,nan,nan,nan,0.354,nan,nan,0.339,
0.375,0.306,0.328,0.250,0.250,0.312,0.308,0.312,0.250,0.326,
nan,0.286,0.308,0.375,0.275,nan,0.300,0.312,0.469,0.406,
