0.347,0.281,nan,nan,nan,0.312,0.281,0.344,0.356,0.393,
0.354,0.500,nan,nan,nan,0.306,0.312,0.354,0.354,0.297,
0.348,0.250,nan,nan,nan,0.500,0.354,0.250,0.383,0.342,
0.370,0.438,nan,nan,nan,nan,0.375,0.396,0.349,0.327,
0.345,0.312,nan,nan,nan,nan,nan,0.438,0.375,0.303,
0.339,0.321,nan,nan,nan,0.351,0.330,0.125,0.396,0.329,
0.352,0.302,nan,0.375,0.354,0.364,0.328,nan,0.297,0.319,
0.330,0.250,nan,nan,nan,0.350,0.326,0.302,0.304,0.321,
0.417,0.392,0.438,nan,nan,0.250,0.332,0.331,0.354,0.364,
0.312,nan,nan,nan,nan,0.312,0.324,0.368,0.297,0.326,
