109.250,156.714,184.556,118.125,3.000,nan,24.000,36.000,nan,154.000,
136.636,137.237,144.347,169.364,111.000,0.000,237.750,154.500,185.100,147.600,
71.077,141.136,133.324,134.000,nan,nan,130.500,147.955,0.000,0.000,
119.294,138.000,179.250,nan,nan,nan,63.600,243.000,108.000,184.800,
206.400,0.000,nan,nan,0.000,162.333,180.462,71.455,160.263,124.000,
88.000,0.000,nan,nan,219.000,140.143,51.750,nan,0.000,37.500,
150.000,nan,nan,nan,nan,195.000,191.700,99.000,187.105,118.909,
110.000,39.500,0.000,nan,0.000,121.200,145.500,126.125,117.042,99.600,
80.769,126.000,0.000,nan,nan,nan,177.857,204.000,82.000,148.650,
0.000,0.000,0.000,0.000,nan,nan,151.636,133.200,56.000,0.000,
