0.414,0.337,0.352,0.370,0.438,nan,0.344,nan,0.312,0.325,
0.332,0.328,0.355,0.333,0.250,0.250,0.309,0.297,0.337,0.292,
0.347,0.353,0.344,0.333,nan,0.312,0.336,0.366,0.438,0.625,
0.308,0.359,0.380,0.297,0.312,0.438,0.354,0.344,0.333,0.366,
0.304,0.375,nan,nan,0.375,0.333,0.453,0.312,0.320,0.333,
0.250,0.375,nan,nan,0.375,0.348,0.250,nan,0.344,0.344,
0.250,nan,nan,nan,nan,0.312,0.321,0.312,0.352,0.359,
0.328,0.354,nan,nan,nan,0.320,0.335,0.250,0.379,0.302,
0.375,0.312,0.438,0.500,nan,nan,0.312,0.490,0.375,0.375,
nan,0.348,0.312,0.278,nan,nan,0.227,0.324,nan,0.250,
