0.000,nan,nan,nan,nan,0.000,128.400,183.300,161.600,69.333,
99.667,0.000,nan,nan,nan,nan,132.000,148.846,148.350,162.263,
117.968,132.750,114.000,nan,nan,135.000,0.000,174.600,93.692,114.517,
140.684,nan,nan,nan,nan,0.000,126.188,105.750,123.094,146.812,
130.000,nan,nan,nan,nan,nan,90.000,195.000,98.846,116.700,
109.594,110.700,90.000,nan,nan,nan,242.500,141.545,43.364,135.375,
96.000,147.111,0.000,nan,nan,34.000,78.158,111.391,122.400,145.250,
126.750,61.200,nan,nan,0.000,159.857,124.737,93.203,144.882,71.000,
351.000,164.870,0.000,nan,nan,206.727,122.625,134.000,164.625,26.250,
nan,0.000,nan,nan,nan,86.571,102.176,133.304,103.125,73.500,
