0.336
0.335
0.331
0.341
0.333
0.332
0.333
0.330
0.332
0.335
0.338
0.333
0.335
0.329
0.333
0.337
0.335
0.335
0.337
0.333
0.329
0.334
0.332
0.330
0.336
0.330
0.332
0.335
0.337
0.332
0.339
0.335
0.334
0.332
0.341
0.329
0.332
0.333
0.339
0.334
0.335
0.333
0.330
0.333
0.336
0.334
0.337
0.332
0.332
0.329
0.332
0.327
0.330
0.336
0.330
0.336
0.336
0.334
0.340
0.336
0.334
0.329
0.340
0.338
0.332
0.336
0.329
0.335
0.329
0.337
0.333
0.332
0.337
0.334
0.331
0.338
0.330
0.331
0.334
0.333
0.343
0.332
0.334
0.332
0.337
0.333
0.332
0.327
0.334
0.333
0.327
0.337
0.340
0.334
0.328
0.333
0.334
0.335
0.347
0.334
0.327
0.330
0.332
0.332
0.337
0.330
0.326
0.332
0.331
0.335
0.330
0.336
0.331
0.324
0.340
0.336
0.331
0.332
0.342
0.339
0.338
0.333
0.334
0.339
0.329
0.336
0.336
0.332
0.329
0.332
0.331
0.332
0.336
0.327
0.329
0.329
0.327
0.332
0.338
0.335
0.343
0.335
0.339
0.330
0.329
0.339
0.333
0.333
0.333
0.328
0.338
0.328
0.338
0.328
0.336
0.332
0.329
0.330
0.335
0.335
0.332
0.332
0.334
0.331
0.330
0.331
0.336
0.333
0.340
0.334
0.333
0.328
0.329
0.334
0.334
0.327
0.343
0.334
0.338
0.327
0.335
0.323
0.330
0.332
0.329
0.328
0.334
0.337
0.331
0.328
0.336
0.334
0.330
0.334
0.333
0.334
0.334
0.340
0.334
0.335
0.331
0.337
0.333
0.338
0.330
0.331
0.330
0.332
0.339
0.330
0.331
0.332
0.340
0.336
0.336
0.331
0.337
0.326
0.336
0.341
0.339
0.332
0.332
0.339
0.334
0.332
0.331
0.331
0.336
0.336
0.332
0.336
0.335
0.328
0.329
0.335
0.329
0.335
0.329
0.336
0.332
0.337
0.333
0.332
0.338
0.335
0.336
0.332
0.337
0.327
0.331
0.335
0.338
0.333
0.331
0.328
0.333
0.335
0.340
0.335
0.342
0.333
0.333
0.335
0.340
0.333
0.334
0.337
0.329
0.328
0.337
0.327
0.328
0.338
0.339
0.332
0.330
0.335
0.328
0.334
0.337
0.334
0.335
0.328
0.337
0.338
0.336
0.339
0.327
0.324
0.332
0.334
0.338
0.333
0.330
0.333
0.332
0.329
0.333
0.336
0.341
0.341
0.333
0.330
0.337
0.337
0.332
0.336
0.330
0.336
0.330
0.333
0.334
0.331
0.324
0.340
0.334
0.343
0.337
0.338
0.336
0.332
0.332
0.334
0.334
0.334
0.338
0.333
0.330
0.334
0.324
0.330
0.333
0.339
0.328
0.331
0.333
0.339
0.333
0.337
0.329
0.334
0.329
0.332
0.330
0.333
0.333
0.334
0.330
0.338
0.330
0.332
0.336
0.339
0.334
0.330
0.329
0.341
0.328
0.335
0.333
0.323
0.332
0.334
0.334
0.331
0.327
0.332
0.334
0.327
0.327
0.332
0.325
0.335
0.336
0.341
0.329
0.344
0.337
0.335
0.334
0.330
0.335
0.330
0.330
0.333
0.329
0.336
0.339
0.328
0.335
0.335
0.333
0.334
0.334
0.329
0.333
0.337
0.333
0.332
0.333
0.329
0.333
0.332
0.338
0.333
0.335
0.335
0.331
0.331
0.329
0.332
0.336
0.332
0.335
0.335
0.339
0.333
0.331
0.333
0.334
0.340
0.332
0.335
0.341
0.330
0.336
0.337
0.332
0.332
0.327
0.332
0.333
0.330
0.335
0.339
0.329
0.333
0.327
0.328
0.338
0.335
0.332
0.334
0.334
0.326
0.330
0.333
0.331
0.328
0.332
0.327
0.338
0.334
0.331
0.332
0.331
0.333
0.336
0.335
0.336
0.333
0.332
0.335
0.333
0.336
0.336
0.333
0.333
0.330
0.330
0.334
0.340
0.332
0.343
0.334
0.331
0.328
0.335
0.334
0.335
0.335
0.334
0.331
0.333
0.337
0.336
0.331
0.340
0.341
0.334
0.326
0.329
0.331
0.338
0.333
0.332
0.330
0.333
0.331
0.337
0.330
0.328
0.332
0.332
0.334
0.334
0.331
0.339
0.333
0.334
0.334
0.331
0.334
0.331
0.334
0.329
0.336
0.331
0.332
0.331
0.338
0.334
0.332
0.338
0.335
0.336
0.334
0.327
0.339
0.327
0.334
0.331
0.340
0.340
0.330
0.336
0.330
0.332
0.331
0.338
0.333
0.335
0.338
0.327
0.328
0.341
0.340
0.337
0.331
0.332
0.336
0.334
0.336
0.339
0.328
0.332
0.339
0.328
0.338
0.331
0.339
0.328
0.340
0.331
0.331
0.334
0.334
0.333
0.334
0.341
0.335
0.334
0.333
0.335
0.334
0.334
0.332
0.336
0.332
0.340
0.328
0.332
0.335
0.332
0.326
0.326
0.336
0.335
0.337
0.333
0.338
0.335
0.329
0.339
0.330
0.336
0.328
0.333
0.336
0.336
0.335
0.336
0.326
0.335
0.337
0.339
0.335
0.327
0.341
0.330
0.330
0.333
0.328
0.328
0.331
0.333
0.339
0.334
0.325
0.334
0.336
0.330
0.328
0.335
0.337
0.332
0.333
0.338
0.339
0.332
0.331
0.334
0.335
0.329
0.333
0.334
0.334
0.334
0.334
0.330
0.332
0.330
0.335
0.331
0.334
0.334
0.330
0.339
0.331
0.333
0.332
0.335
0.330
0.337
0.327
0.330
0.333
0.336
0.330
0.334
0.334
0.333
0.328
0.336
0.332
0.337
0.335
0.326
0.332
0.338
0.331
0.333
0.336
0.332
0.335
0.335
0.335
0.330
0.333
0.332
0.330
0.332
0.334
0.339
0.333
0.335
0.336
0.336
0.327
0.328
0.327
0.340
0.334
0.335
0.328
0.334
0.330
0.336
0.331
0.334
0.332
0.335
0.333
0.329
0.331
0.334
0.335
0.327
0.332
0.325
0.330
0.339
0.334
0.335
0.336
0.339
0.339
0.329
0.334
0.335
0.333
0.332
0.331
0.339
0.331
0.330
0.330
0.334
0.337
0.340
0.335
0.327
0.335
0.325
0.337
0.333
0.334
0.332
0.337
0.332
0.333
0.331
0.335
0.335
0.332
0.334
0.327
0.331
0.332
0.331
0.341
0.330
0.332
0.339
0.343
0.330
0.329
0.337
0.337
0.327
0.335
0.327
0.329
0.334
0.335
0.323
0.335
0.335
0.328
0.334
0.335
0.334
0.333
0.336
0.328
0.336
0.334
0.329
0.333
0.343
0.334
0.330
0.334
0.336
0.336
0.331
0.333
0.339
0.335
0.337
0.324
0.332
0.329
0.328
0.335
0.336
0.336
0.328
0.336
0.342
0.330
0.332
0.337
0.338
0.333
0.337
0.332
0.326
0.336
0.336
0.338
0.330
0.330
0.336
0.332
0.336
0.334
0.331
0.334
0.333
0.334
0.333
0.331
0.332
0.329
0.340
0.335
0.335
0.334
0.338
0.333
0.330
0.334
0.335
0.328
0.335
0.328
0.340
0.334
0.335
0.334
0.338
0.332
0.338
0.328
0.335
0.335
0.328
0.337
0.334
0.335
0.333
0.333
0.332
0.339
0.333
0.331
0.338
0.334
0.336
0.330
0.332
0.341
0.336
0.336
0.336
0.331
0.337
0.339
0.332
0.330
0.336
0.333
0.331
0.342
0.328
0.334
0.335
0.333
0.339
0.336
0.327
0.334
0.330
0.337
0.333
0.333
0.329
0.332
0.333
0.332
0.334
0.331
0.327
0.335
0.336
0.337
0.331
0.335
0.328
0.337
0.330
0.332
0.338
0.329
0.335
0.335
0.337
0.336
0.334
0.332
0.333
0.333
0.335
0.339
0.333
0.335
0.336
0.337
0.327
0.328
0.328
0.337
0.331
0.331
0.339
0.327
0.337
0.330
0.332
0.335
0.337
0.329
0.332
0.338
0.332
0.336
0.331
0.337
0.335
0.337
0.334
0.330
0.339
0.334
0.328
0.331
0.334
0.337
0.334
0.334
0.340
0.335
0.333
0.333
0.333
0.332
0.328
0.337
0.330
0.327
0.337
0.331
0.329
0.341
0.332
0.333
0.333
0.325
0.336
0.335
0.327
0.330
0.337
0.333
0.334
0.333
0.329
0.338
0.338
0.329
0.333
0.333
0.330
0.337
0.336
0.334
0.337
0.333
0.335
0.336
0.333
0.336
0.337
0.328
0.339
0.334
0.336
0.337
